1000 5000
956 795 65
510 642 100
287 272 88
847 879 59
670 777 76
263 355 36
367 433 42
780 535 99
690 870 10
885 940 1
833 763 34
18 181 46
918 701 25
602 846 35
970 781 29
401 222 47
66 152 74
124 338 91
281 477 44
2 339 91
867 650 25
503 711 60
225 367 30
686 960 42
948 745 5
224 403 25
245 283 61
440 93 70
551 584 70
550 841 29
694 683 68
511 720 30
976 777 97
832 827 41
252 442 54
424 148 19
56 331 36
381 61 64
568 737 84
607 655 9
418 212 77
318 299 5
262 4 38
862 896 62
481 276 2
102 414 91
191 253 49
559 512 4
162 206 54
616 775 87
807 603 69
421 220 7
850 929 4
257 489 8
339 207 24
46 468 40
729 720 42
442 198 65
911 562 96
318 425 49
691 891 99
900 822 56
525 951 32
941 922 59
50 356 21
709 565 40
634 672 82
740 706 66
56 174 10
889 948 27
3 137 73
172 231 34
917 515 74
749 991 8
545 723 4
544 579 32
326 47 46
581 831 1
307 414 60
327 123 72
662 681 81
818 533 13
279 78 89
194 466 97
247 312 34
519 884 78
924 920 40
729 865 27
893 911 71
91 342 27
508 896 9
698 784 55
853 962 38
460 67 58
634 576 30
755 729 74
370 159 39
385 39 58
552 779 5
195 188 79
963 694 83
884 931 85
397 2 5
416 76 28
30 162 65
831 659 21
11 86 100
113 27 69
677 958 32
410 244 58
973 731 93
93 14 3
408 157 2
222 431 14
577 589 11
406 32 41
252 400 90
999 651 7
502 753 67
978 770 13
156 354 69
902 570 27
627 836 5
240 145 91
90 178 31
574 580 22
537 769 98
666 973 40
550 943 63
198 441 74
27 162 86
864 518 54
49 10 10
525 962 17
869 716 59
666 774 46
110 158 11
680 664 57
43 9 87
889 888 80
3 318 17
274 314 74
178 472 85
442 158 52
396 233 57
653 918 1
46 440 83
692 995 52
6 288 48
877 943 94
996 891 28
745 592 38
269 451 50
716 695 14
324 355 27
733 626 81
577 878 99
191 238 61
491 75 85
668 977 48
879 579 30
559 952 77
550 666 42
695 869 41
381 390 36
676 546 23
547 926 63
631 936 42
924 931 91
846 653 7
842 517 80
287 85 70
480 455 28
956 692 84
241 418 3
497 350 87
127 186 52
851 585 95
642 856 70
565 678 81
35 464 69
774 527 60
944 813 8
275 414 1
484 27 78
248 288 76
121 368 43
880 899 70
79 223 10
799 620 2
435 413 82
649 629 23
887 768 23
878 960 70
627 735 8
833 753 89
619 591 20
434 275 16
180 256 62
926 738 4
621 932 26
164 98 48
684 842 76
256 299 30
491 260 62
869 743 33
75 201 12
599 690 77
568 511 20
851 852 72
600 933 68
108 22 45
335 57 4
481 472 40
802 895 18
540 977 67
702 884 48
991 698 28
223 208 54
534 541 9
95 440 43
453 435 30
458 292 34
328 418 60
190 433 51
211 243 5
194 251 17
554 889 56
536 716 6
711 548 72
840 999 40
12 197 61
672 589 52
124 164 31
476 171 66
915 685 37
1 197 26
784 874 20
647 812 51
684 971 82
304 284 51
366 189 63
140 182 68
450 118 91
985 843 30
455 217 19
759 658 71
619 840 11
638 654 97
128 85 59
564 905 24
778 787 15
734 982 67
417 295 41
204 203 69
750 799 80
11 27 53
527 548 83
432 197 64
349 185 34
15 114 43
670 553 65
126 66 92
721 889 16
246 407 76
54 335 85
110 304 7
620 855 2
293 403 93
622 961 53
482 55 40
979 785 61
55 58 57
71 441 88
671 744 46
254 486 28
466 493 6
288 55 36
734 774 98
933 920 9
29 492 32
879 991 80
80 371 40
513 570 48
304 216 53
840 546 73
632 927 66
550 677 62
127 277 82
401 357 4
708 507 26
806 514 10
517 680 99
460 43 26
335 498 90
895 541 54
762 770 66
759 894 6
983 902 51
921 859 53
695 934 78
534 978 37
271 147 17
772 763 6
675 517 97
986 967 20
253 134 15
193 444 27
953 528 57
347 53 32
344 110 20
825 764 86
835 735 90
734 975 15
950 705 39
187 293 23
683 639 53
338 495 69
518 575 17
5 180 47
237 196 65
546 874 99
99 413 82
546 783 100
726 959 37
888 758 25
254 359 59
365 438 78
837 541 55
103 202 44
642 845 100
471 46 48
876 625 6
525 766 72
282 316 43
700 650 94
419 372 39
560 848 6
153 288 54
438 137 69
283 415 31
156 184 86
456 91 68
851 625 62
703 850 22
770 526 57
915 796 28
470 257 96
826 974 60
430 28 59
771 804 15
798 935 34
57 124 31
189 96 41
740 600 41
600 825 9
217 299 38
563 757 22
683 891 43
988 919 13
210 220 23
685 766 22
548 868 97
824 610 56
308 432 40
146 467 41
713 605 84
35 281 29
785 519 40
753 526 87
551 775 72
542 972 29
359 430 75
832 599 19
951 888 7
900 790 48
469 38 53
6 259 94
34 123 3
105 286 12
810 514 42
624 745 11
283 61 3
718 902 68
544 883 83
67 143 29
884 655 50
997 856 57
162 42 65
476 492 70
879 565 77
927 988 87
986 784 57
777 926 5
833 831 24
12 155 8
174 292 37
582 849 69
501 826 28
859 805 38
893 639 60
712 981 23
153 395 41
316 178 92
62 499 13
906 555 78
868 634 45
240 156 33
678 534 54
715 716 73
688 859 70
574 706 99
810 886 98
741 587 26
41 483 14
628 890 44
542 588 6
191 182 88
510 523 22
493 271 39
386 447 35
179 84 45
778 931 6
779 850 43
856 600 33
908 723 64
355 207 37
778 620 41
722 573 32
564 527 7
741 808 98
655 661 17
928 796 82
117 248 52
240 223 100
973 650 77
99 495 2
523 595 95
632 612 68
490 2 92
174 211 14
427 317 82
744 819 66
41 220 67
644 747 36
534 537 7
860 960 91
43 486 33
223 250 2
386 87 56
809 507 3
534 976 69
686 722 2
11 235 74
927 523 38
412 341 22
169 298 34
343 317 92
914 663 67
235 81 19
574 829 3
557 618 52
695 585 11
115 249 42
605 654 57
239 86 21
334 244 62
512 675 57
278 411 21
640 643 20
264 58 26
780 676 29
851 542 76
662 706 65
409 379 83
193 484 85
95 127 53
527 620 5
458 392 52
342 129 3
483 172 98
403 218 9
948 651 15
210 285 18
104 82 35
915 751 57
958 981 29
18 160 40
954 829 84
899 553 1
465 234 89
891 759 56
125 476 70
692 847 75
899 821 8
684 653 20
227 0 93
738 711 34
102 430 3
847 785 79
251 316 18
646 795 3
5 373 13
360 20 31
754 879 18
672 680 54
983 955 33
175 467 15
368 76 85
773 958 9
836 925 6
877 778 69
615 727 86
825 664 55
194 166 64
291 449 20
930 553 24
176 265 36
753 521 32
320 290 82
315 396 42
628 907 23
417 115 7
594 959 50
509 722 65
900 605 22
923 888 81
945 631 58
961 805 90
842 734 91
728 870 47
178 237 61
596 797 88
77 131 82
323 23 13
112 327 57
121 299 29
543 719 96
845 866 64
825 748 97
634 827 8
951 594 88
631 681 92
513 966 47
824 598 43
271 136 72
298 152 37
832 683 6
114 119 86
198 325 48
937 880 60
559 610 72
453 277 81
717 584 21
198 127 86
195 230 48
573 518 78
105 98 14
872 782 8
47 20 32
12 29 43
298 43 13
377 233 85
597 949 16
321 336 18
269 149 30
317 375 70
649 761 91
81 341 8
894 501 94
820 963 51
323 264 20
937 984 57
966 652 69
867 924 42
793 652 46
381 214 73
641 967 3
326 152 70
785 895 73
613 891 89
688 533 21
890 893 57
330 425 27
935 964 17
186 203 35
563 870 10
787 779 35
542 693 78
594 778 43
790 961 34
485 168 59
695 823 97
331 239 4
795 894 46
445 110 71
231 97 17
445 13 87
156 70 46
70 177 7
210 254 12
466 470 9
315 143 31
174 82 63
276 468 2
541 653 81
262 293 45
425 484 65
306 290 83
587 974 83
147 76 51
692 969 47
207 86 15
136 223 38
773 590 63
735 562 11
521 668 10
529 792 96
763 665 83
663 787 31
547 820 81
827 728 85
398 496 39
750 543 56
707 736 7
969 814 23
725 869 96
887 937 38
49 166 57
607 995 52
914 892 40
775 543 34
951 510 98
333 75 31
597 782 72
699 732 96
331 205 13
964 655 90
390 378 8
231 65 53
203 211 53
361 487 72
483 315 7
622 823 70
750 546 37
442 451 79
509 561 70
417 333 12
205 319 23
946 514 91
354 0 86
280 438 35
780 746 56
732 535 89
514 710 24
149 115 62
326 426 62
974 660 99
754 945 29
375 464 12
373 108 35
312 431 96
557 628 89
416 110 88
195 39 100
879 943 59
122 279 21
692 665 34
867 571 1
811 587 65
804 530 40
643 562 32
600 680 17
561 764 10
40 45 12
642 705 25
316 299 87
864 582 24
698 966 9
534 979 55
933 689 54
227 84 46
758 755 88
990 516 81
823 621 23
820 566 40
606 596 1
40 273 49
582 837 94
745 677 93
6 266 77
316 102 78
515 960 40
915 722 59
778 784 99
18 211 45
107 472 13
713 632 39
199 429 65
114 491 31
570 696 2
764 961 35
413 199 47
191 95 92
140 3 39
396 109 54
997 809 90
639 954 49
14 202 49
919 961 17
623 776 98
99 60 78
625 933 5
140 304 16
139 229 75
261 45 32
973 509 34
593 644 77
135 132 2
468 217 23
502 682 34
253 177 23
367 33 4
484 194 60
657 909 24
482 147 7
338 295 4
270 420 48
104 466 24
408 120 43
213 149 68
562 960 45
551 952 12
480 474 96
364 19 20
194 165 8
977 752 25
439 434 44
65 392 99
741 685 80
413 102 95
276 36 59
815 913 28
634 570 24
569 727 75
925 893 98
452 484 13
486 80 17
671 778 98
38 457 76
459 344 57
129 415 19
368 244 46
156 450 19
90 396 14
240 52 6
765 594 34
143 283 3
636 779 26
319 232 30
161 415 79
303 338 6
873 979 49
597 581 35
824 957 33
690 516 24
202 124 27
507 788 90
550 866 97
106 300 98
798 660 70
235 489 3
912 530 47
35 306 21
438 340 1
139 190 62
274 350 8
709 754 53
499 109 29
302 313 85
394 364 32
138 364 29
741 560 94
907 850 3
551 501 24
253 254 24
185 188 10
450 129 38
722 825 8
399 159 5
527 526 28
781 699 5
471 240 9
585 753 6
655 947 57
872 953 93
563 985 39
783 646 17
743 820 53
451 418 55
279 296 51
29 66 36
151 208 2
979 836 23
851 870 13
56 178 84
163 177 27
32 46 73
719 512 70
129 134 21
451 290 89
975 943 79
160 113 75
864 803 67
853 709 8
624 860 88
126 4 7
858 825 15
676 669 22
276 133 46
139 135 47
695 613 5
42 277 38
996 520 44
2 80 52
871 902 98
910 642 65
435 420 51
159 487 46
196 259 54
290 19 51
351 482 12
29 9 42
565 982 51
101 3 74
3 1 59
146 233 100
295 166 24
72 337 53
393 273 25
19 161 69
862 837 93
208 54 69
696 787 22
458 25 54
632 929 56
26 417 31
158 350 50
270 246 26
192 206 25
853 802 58
203 196 55
232 291 30
35 62 13
822 825 36
143 112 68
413 323 91
714 606 51
6 491 74
199 225 66
220 487 17
753 846 8
41 192 50
311 184 22
459 0 89
329 385 34
459 497 75
636 629 28
474 334 84
137 264 80
710 895 24
342 430 97
81 117 41
879 774 98
766 936 74
815 589 81
381 375 1
992 730 79
731 964 42
1 157 28
766 962 41
750 802 53
897 677 7
262 457 40
954 981 46
852 977 37
986 964 68
411 78 100
936 863 67
102 293 60
617 934 99
899 688 98
173 18 21
747 732 3
376 456 10
44 253 5
969 537 89
33 318 41
130 477 52
862 691 94
766 598 92
277 20 52
593 831 71
708 974 98
46 143 77
373 166 16
588 633 92
257 174 20
952 567 1
488 353 77
372 329 21
8 4 75
307 189 33
613 868 24
282 278 37
342 408 22
977 870 46
166 471 46
471 482 95
451 295 89
212 15 23
470 82 90
642 832 73
812 883 77
455 232 90
894 897 78
284 478 73
881 617 32
221 365 14
19 470 73
650 975 58
479 480 44
250 44 68
924 655 13
396 474 75
299 8 55
137 187 21
824 956 98
739 816 58
952 698 69
132 6 2
781 507 28
398 396 57
968 684 22
717 818 70
161 189 21
252 242 91
106 71 76
139 6 91
744 675 51
660 922 52
652 791 34
829 857 56
178 425 44
510 873 95
969 919 50
549 844 62
161 411 81
604 739 58
139 191 43
136 463 71
96 88 6
318 233 97
322 431 62
936 809 69
472 461 47
939 611 8
358 144 88
744 902 74
102 417 53
126 42 52
284 359 1
688 743 15
102 79 72
213 215 42
908 544 62
399 62 47
585 809 13
214 264 2
859 927 15
731 524 100
374 177 85
38 49 84
593 681 64
362 53 21
411 227 91
548 924 38
763 682 87
323 7 44
113 229 29
717 678 75
390 111 79
388 160 96
730 788 7
998 548 35
117 61 13
297 496 7
617 717 65
987 603 37
485 107 30
415 52 96
450 212 68
781 750 3
12 360 6
849 795 60
972 721 40
196 199 83
164 317 22
877 600 41
661 523 31
929 601 85
704 510 70
27 464 13
821 755 27
468 494 70
171 49 63
119 204 27
97 336 43
250 53 97
422 208 72
126 12 1
589 801 94
786 568 8
712 614 48
881 632 10
845 712 72
343 42 3
648 846 61
728 790 64
314 35 44
380 438 30
797 501 57
43 12 50
725 742 88
513 729 35
932 759 80
491 289 83
414 342 25
912 950 93
894 902 47
724 544 67
150 147 92
696 884 41
614 780 10
91 67 32
449 250 74
735 574 55
201 180 45
865 753 49
475 275 79
676 825 37
964 972 70
770 792 72
217 127 75
688 513 90
468 324 68
402 14 68
984 977 2
500 563 87
28 360 49
666 862 91
292 240 39
517 934 52
790 949 20
459 87 16
738 522 36
482 22 71
297 228 82
268 282 81
173 374 14
980 900 47
991 604 12
619 700 74
975 918 79
100 382 9
940 504 74
648 997 74
621 661 29
434 492 13
840 845 85
28 101 68
405 420 79
991 911 5
976 919 65
14 142 7
370 80 80
663 799 32
160 428 78
644 514 15
436 101 17
338 242 35
505 606 77
437 373 54
822 952 70
658 858 71
55 328 60
68 8 31
790 565 100
999 986 35
271 320 77
363 166 36
521 820 16
673 628 89
493 357 70
815 561 45
477 259 61
344 146 66
779 750 91
438 81 29
529 773 13
310 101 92
595 981 45
627 955 31
585 640 92
798 852 18
207 248 19
719 610 78
436 283 46
241 125 91
96 170 76
262 413 78
188 340 96
837 756 68
826 645 83
697 786 89
233 261 2
760 972 54
700 793 48
237 251 99
512 814 50
512 696 60
849 811 4
666 816 88
620 729 82
658 714 25
608 617 4
344 281 8
480 275 85
885 625 31
186 63 68
440 331 57
150 436 6
498 400 19
895 827 41
610 796 95
612 731 17
34 112 27
500 592 19
920 721 26
126 253 20
493 332 62
605 675 34
249 174 30
793 865 99
832 880 17
807 988 52
769 630 1
364 226 59
255 96 77
398 124 52
487 185 87
809 582 19
442 5 74
520 875 60
173 464 4
653 980 85
131 351 76
615 835 27
149 76 28
359 278 32
82 127 60
189 195 2
526 648 89
460 254 10
455 261 3
543 604 86
506 875 91
244 184 31
506 986 61
997 950 35
277 475 18
397 481 35
765 787 34
398 31 41
880 650 79
434 201 43
703 602 83
845 965 14
926 940 74
544 541 4
54 423 69
565 995 13
381 294 79
292 20 81
629 800 16
35 323 64
969 995 72
918 665 96
857 899 84
139 248 38
274 281 13
998 870 9
831 818 62
6 41 16
389 80 78
150 114 40
812 669 31
492 300 51
147 385 8
425 87 58
27 306 79
806 979 59
263 255 91
960 760 35
261 19 38
140 280 61
255 249 32
143 103 28
7 475 86
223 168 9
743 633 7
340 330 25
125 461 66
816 959 31
12 361 80
871 817 24
908 617 30
162 233 49
117 260 9
551 525 16
708 589 65
455 459 14
404 409 62
710 886 65
754 989 85
698 873 87
989 674 55
288 421 33
954 888 28
362 320 6
190 186 98
448 360 10
27 364 15
966 794 43
516 943 70
285 46 96
695 903 94
981 931 31
909 758 96
749 627 76
708 794 35
136 325 61
477 241 79
859 737 5
273 183 43
237 391 3
5 90 69
761 615 91
567 810 34
141 350 29
68 241 77
506 907 42
422 115 66
236 106 56
185 302 13
136 232 55
407 100 77
933 537 91
190 35 79
70 204 18
274 355 15
268 401 21
446 215 23
574 558 32
245 150 8
406 325 64
586 811 10
463 323 65
406 437 5
914 664 66
43 484 56
67 148 62
452 174 23
711 899 59
805 998 54
233 350 40
277 479 65
658 843 11
276 26 67
643 516 61
865 835 89
564 755 3
14 443 2
432 311 17
936 997 50
605 761 13
950 979 29
46 11 70
623 821 19
244 37 66
329 62 23
571 627 54
978 669 34
801 543 18
368 425 58
507 944 72
234 53 65
784 541 60
555 524 36
696 773 22
404 133 50
774 949 56
578 823 85
548 562 83
187 218 2
373 6 15
675 808 3
949 951 93
857 512 25
270 487 10
969 910 83
979 692 39
413 460 23
573 873 24
962 838 74
240 3 23
353 182 57
48 212 76
556 669 88
233 419 80
856 711 99
409 326 52
799 806 57
159 158 36
561 720 83
439 66 54
124 408 71
690 711 2
5 84 71
841 541 34
510 957 41
759 556 17
364 137 94
505 711 29
816 523 57
831 640 34
508 978 27
733 685 74
440 470 30
360 244 52
923 745 40
112 280 23
61 143 50
498 441 10
659 585 66
213 123 76
613 657 96
642 983 27
721 808 78
894 696 94
466 331 1
671 871 32
441 386 18
581 907 96
439 239 30
193 293 21
610 991 71
53 201 57
139 59 31
908 606 27
459 336 76
16 29 18
80 303 33
805 830 10
935 961 13
586 785 100
369 443 92
196 86 19
887 827 35
872 721 91
892 697 28
133 42 14
319 162 17
445 405 27
359 304 43
15 459 45
361 4 77
59 106 46
950 881 28
87 448 57
923 595 34
578 789 38
138 321 17
572 504 39
539 721 23
155 49 30
162 232 73
541 982 28
454 447 17
801 668 85
245 34 90
189 66 79
408 456 80
206 354 21
421 305 22
673 762 78
612 754 30
418 368 29
36 328 37
412 465 3
233 61 9
277 69 47
138 384 65
137 249 46
290 188 48
540 611 5
620 518 63
986 825 97
288 318 26
889 913 71
951 902 99
394 443 95
290 29 39
290 352 9
47 179 66
647 913 38
233 303 65
588 883 22
286 372 11
222 128 100
134 279 77
934 965 15
223 131 15
804 691 2
43 146 53
973 923 100
676 775 99
786 652 8
406 20 48
611 922 10
629 674 53
792 970 67
263 101 11
930 866 73
709 787 61
666 743 48
223 326 2
68 423 65
183 392 100
165 310 46
922 588 58
26 163 15
739 884 9
910 594 19
469 422 56
475 177 84
936 765 48
421 496 46
136 139 8
132 83 68
219 2 97
394 400 61
343 108 10
703 631 80
530 573 96
682 848 11
968 521 27
774 741 47
431 92 67
570 650 30
82 232 43
695 550 32
301 455 13
318 449 94
910 544 32
899 517 9
907 600 88
890 535 75
505 882 21
377 197 56
30 289 7
516 599 46
419 266 47
915 864 5
406 348 24
802 779 95
349 270 10
144 492 80
264 329 38
527 667 31
238 336 3
38 181 23
637 538 74
683 739 70
129 336 11
228 204 5
928 969 14
169 200 61
168 494 89
388 457 91
283 76 56
127 382 52
487 109 49
47 78 4
986 601 23
962 621 53
472 320 8
260 165 72
746 727 78
385 83 34
157 299 26
644 885 57
669 991 63
147 176 39
201 360 36
527 670 28
888 632 24
849 501 17
523 710 11
961 602 89
22 294 61
531 518 53
252 183 7
998 763 77
157 276 34
699 523 82
617 562 41
852 884 92
368 28 99
295 482 19
202 477 4
478 356 87
437 196 87
334 122 34
907 819 59
806 964 26
224 436 67
218 373 73
430 226 91
338 368 46
296 325 11
311 146 3
813 701 81
222 53 87
560 798 61
674 946 98
363 462 93
764 595 58
239 349 83
577 930 90
663 948 92
957 687 22
846 706 48
700 662 56
335 182 62
394 470 94
960 714 10
649 962 27
230 196 67
883 896 81
740 520 12
415 196 69
466 248 89
580 629 40
673 522 73
143 495 82
853 901 2
935 882 50
68 216 54
277 37 83
622 941 94
711 703 34
97 399 35
23 173 95
848 839 34
734 993 35
741 914 77
971 580 88
671 591 53
770 800 92
517 724 12
10 335 91
938 616 43
371 108 67
815 940 51
972 665 45
964 684 3
714 798 81
472 143 18
136 278 4
10 256 97
747 715 57
565 926 43
39 240 47
364 173 7
472 188 1
374 91 98
870 777 1
978 763 13
361 127 66
68 302 74
985 621 85
898 571 55
690 556 94
867 877 73
416 369 11
203 229 7
220 325 100
420 387 56
632 804 77
306 13 67
322 280 31
375 37 6
146 244 87
56 381 10
503 656 92
498 43 40
273 245 72
329 288 2
197 227 68
415 155 74
783 608 95
517 844 6
327 204 2
192 383 14
580 528 67
121 144 9
291 161 84
802 594 100
0 380 68
902 922 64
487 433 98
885 846 95
360 478 16
697 757 11
44 258 33
788 687 45
973 904 95
640 862 100
65 23 85
214 317 99
815 706 97
990 606 77
151 155 82
982 853 92
610 672 94
530 701 21
451 3 57
793 748 21
987 735 12
418 216 95
694 830 67
455 141 47
182 165 27
201 159 23
239 219 23
977 950 94
385 135 43
448 302 80
239 153 88
339 419 34
723 869 20
399 339 52
790 737 24
318 80 1
165 226 96
604 693 60
542 815 69
942 802 18
83 50 63
278 482 65
971 648 82
485 30 18
910 518 93
154 101 24
149 392 5
669 587 42
259 47 90
421 204 29
1 48 63
656 940 15
977 860 60
471 201 55
162 332 26
903 714 15
26 488 87
569 696 45
671 577 41
390 41 29
6 313 11
18 50 83
918 511 95
808 734 13
990 869 93
304 119 20
634 532 90
48 473 99
425 44 29
828 676 49
105 386 81
961 756 23
737 639 31
628 804 63
218 371 88
872 658 75
362 493 33
435 266 67
303 451 50
881 912 6
872 832 19
881 689 33
146 172 73
205 62 93
900 964 57
769 794 41
64 300 51
692 577 5
895 586 12
825 816 52
844 510 35
247 433 66
689 577 56
293 121 62
727 632 16
254 172 57
198 32 89
422 125 28
290 345 44
430 133 85
595 557 21
992 698 23
849 975 33
352 233 13
688 534 4
91 349 46
313 337 79
319 20 59
270 470 42
980 547 19
534 841 10
797 635 21
250 48 92
256 452 50
636 902 28
281 314 44
356 418 98
200 380 15
933 703 51
885 555 51
388 174 33
50 122 19
605 869 42
869 824 11
943 912 9
473 159 26
280 219 21
565 581 20
930 537 31
240 10 13
330 56 27
601 778 20
976 648 31
56 85 45
957 895 26
715 708 3
875 651 86
558 876 77
384 13 14
679 968 24
23 490 92
962 885 19
437 230 31
438 45 6
140 178 90
513 926 3
603 527 83
267 125 15
520 734 28
363 421 21
980 724 1
43 83 81
778 901 75
100 398 10
711 942 10
295 2 76
498 325 7
417 6 26
621 581 10
724 792 25
738 704 9
295 353 83
351 454 26
841 939 56
378 18 13
830 884 27
277 25 91
755 682 81
579 607 24
946 766 17
220 100 41
280 155 2
744 996 6
293 14 60
268 353 53
731 881 22
39 319 68
150 410 33
66 334 18
496 347 31
888 713 42
342 89 68
918 911 30
493 182 48
584 846 57
230 341 90
69 250 45
946 522 90
134 108 41
10 181 27
743 853 4
435 261 74
795 550 91
830 542 77
885 791 30
345 365 56
245 90 83
239 233 50
418 110 97
496 206 53
847 830 62
686 751 49
697 845 41
937 580 40
630 745 12
692 686 61
633 718 67
80 272 64
27 198 2
455 397 39
806 688 94
478 23 71
557 667 97
218 443 99
162 142 37
436 300 95
670 578 52
52 143 10
780 713 22
337 257 33
722 951 56
319 213 41
533 796 50
79 153 91
173 251 14
422 303 51
566 690 27
681 731 32
140 69 58
234 8 2
324 334 56
941 876 100
296 171 49
815 849 98
430 193 86
374 416 19
637 565 51
643 756 3
725 718 62
526 521 25
603 824 98
425 119 42
866 881 43
997 585 44
79 307 100
226 16 67
913 674 79
11 283 39
785 913 79
103 167 31
971 650 70
149 310 59
710 731 51
164 181 43
20 257 73
131 164 89
883 789 45
582 685 6
585 556 56
210 7 65
752 698 14
52 350 38
722 707 15
698 657 16
37 55 81
112 47 67
907 691 91
477 387 38
667 558 63
19 212 93
22 481 37
905 785 36
875 948 77
980 962 25
796 736 27
197 129 70
973 531 52
318 245 10
763 515 71
148 193 26
849 911 42
574 987 98
650 533 15
622 572 47
218 482 32
907 948 78
704 972 18
146 270 76
542 826 47
743 572 37
958 540 94
771 764 15
597 500 44
997 960 49
823 880 66
679 775 94
276 338 83
924 881 61
147 319 65
712 671 72
766 683 16
835 623 25
969 990 57
352 462 23
144 479 73
129 101 89
602 849 64
227 122 86
367 305 7
541 869 60
967 726 70
630 817 100
981 533 84
916 805 83
478 134 34
938 768 86
287 326 28
591 867 10
50 352 94
773 684 41
69 34 40
606 728 100
364 461 42
802 999 93
771 685 42
807 905 10
289 76 60
129 137 95
691 825 82
635 665 1
686 923 89
421 298 7
121 219 75
96 49 92
404 305 68
914 576 93
77 331 62
892 556 89
734 667 31
581 716 35
199 465 39
90 137 44
962 759 8
454 420 83
655 971 55
65 398 10
168 479 51
314 175 72
728 936 67
230 337 26
9 145 45
392 473 76
95 420 82
905 659 42
705 506 81
359 412 21
300 458 54
608 663 82
300 253 54
77 248 71
705 800 15
545 726 3
543 560 10
121 285 16
127 196 24
823 896 36
667 706 39
521 869 26
63 34 76
376 235 15
464 285 33
932 786 55
186 438 6
132 131 99
887 740 89
692 887 3
514 965 71
284 215 59
619 756 99
779 594 11
279 456 47
783 805 49
394 323 40
217 450 19
27 143 96
587 850 79
564 783 15
139 446 33
588 507 4
995 709 45
490 55 14
217 347 22
209 211 74
77 187 67
487 397 17
828 830 47
876 641 100
241 72 14
462 4 45
623 790 68
656 729 85
620 506 71
288 46 6
569 701 18
555 863 52
760 629 49
754 766 57
996 538 73
788 933 94
565 613 55
96 330 69
655 823 50
797 838 2
174 78 95
18 221 25
52 356 61
37 443 48
455 25 55
746 881 7
194 389 90
502 552 89
680 643 62
690 753 65
870 547 56
116 447 63
884 764 78
585 639 63
449 354 48
963 887 94
969 949 79
914 982 30
723 992 46
967 889 28
937 978 94
447 180 73
101 147 43
883 617 20
395 40 30
139 496 99
991 706 6
284 77 95
450 106 25
295 273 74
969 964 70
761 900 4
223 423 55
504 743 72
326 198 86
630 907 42
358 445 81
190 448 61
490 416 11
355 318 28
100 182 57
752 535 50
775 699 68
333 395 36
174 99 36
426 210 79
559 873 78
163 132 39
340 142 61
748 690 43
45 97 78
398 397 27
263 197 36
604 843 72
177 337 8
272 36 36
216 19 44
991 801 15
308 122 30
586 592 78
212 18 76
905 918 26
418 336 51
372 463 89
436 400 27
885 770 13
232 445 36
139 123 23
424 381 4
609 738 64
682 847 26
103 331 91
208 218 51
531 569 13
580 785 40
201 442 30
649 934 94
256 458 26
584 533 72
505 533 25
920 507 48
918 988 50
353 225 98
181 368 72
780 865 27
216 496 83
837 529 59
39 256 20
327 29 91
226 393 12
111 31 47
637 757 45
321 74 4
171 413 4
973 537 38
816 833 31
878 679 98
817 596 84
630 610 97
372 143 4
740 958 35
460 24 61
536 677 100
128 44 7
161 461 59
633 771 30
770 967 25
551 796 21
656 923 53
711 955 40
81 75 95
912 797 71
212 179 88
953 852 89
210 336 39
948 693 6
354 259 91
13 79 56
69 425 82
135 375 4
595 578 79
969 755 94
363 423 64
214 493 40
294 345 87
749 647 99
472 141 97
325 450 30
25 440 26
46 489 88
245 115 18
449 197 45
340 14 3
811 844 45
794 805 20
690 720 68
527 807 35
211 410 55
320 299 91
682 505 45
727 956 18
700 898 71
843 540 87
211 247 74
985 686 68
596 930 81
175 14 89
879 980 15
81 428 35
203 313 33
542 506 14
675 896 93
579 845 67
721 536 83
484 281 46
819 511 40
836 539 32
388 288 94
832 980 65
38 302 29
652 932 14
3 133 44
629 545 4
595 946 35
657 612 39
47 39 54
849 508 20
489 490 37
429 436 75
885 917 90
562 943 89
85 116 97
111 3 90
841 936 66
377 136 59
379 458 32
192 63 68
728 993 10
469 344 75
423 284 13
645 505 2
340 191 71
961 868 88
844 551 52
877 558 17
287 452 38
512 680 81
309 406 4
438 443 59
262 233 65
105 436 21
83 8 100
515 820 96
620 621 63
584 977 62
310 166 37
190 495 22
841 853 86
797 924 72
984 872 92
541 580 98
837 621 45
745 768 99
736 740 97
863 942 13
76 355 99
945 771 100
67 288 40
683 591 75
980 687 93
928 612 100
621 555 11
95 384 62
266 44 34
3 428 85
376 198 100
612 923 47
530 944 47
112 150 17
989 790 87
420 494 54
517 570 68
975 930 45
276 206 36
732 580 26
160 133 69
464 11 80
373 359 93
745 760 6
988 868 64
43 379 80
5 229 4
306 184 22
617 772 33
198 440 13
104 27 9
317 471 44
480 469 5
892 565 64
563 781 8
690 527 47
440 288 67
603 629 84
250 164 91
105 219 36
627 909 68
562 706 39
810 834 25
415 409 28
477 274 17
482 302 68
239 72 27
240 444 68
142 441 3
984 808 22
882 911 58
842 502 59
288 305 69
952 767 79
11 319 6
743 622 50
118 389 52
882 612 84
331 456 96
966 790 66
193 318 26
384 431 39
82 416 63
406 252 43
605 971 46
217 38 43
589 766 97
4 144 10
712 736 20
526 592 4
144 195 18
828 548 83
577 961 94
253 426 53
972 900 79
55 498 43
833 655 44
200 36 32
873 649 68
593 680 34
660 787 54
57 156 79
176 66 33
620 502 32
988 724 9
740 976 57
105 414 84
98 414 7
256 468 81
329 152 16
941 929 100
286 266 31
541 690 59
722 593 21
148 496 10
983 908 83
167 56 23
310 209 38
151 129 59
158 4 62
300 441 78
659 701 81
147 277 70
47 499 98
579 500 97
368 81 35
327 244 94
531 989 90
689 658 3
546 737 52
580 753 77
87 116 72
991 827 38
142 495 61
517 678 86
528 572 14
103 292 62
284 76 11
768 954 98
28 386 31
450 329 27
960 732 70
965 603 25
740 961 30
19 461 94
351 43 44
769 593 16
279 142 93
833 532 16
283 362 91
381 349 23
278 377 87
822 728 93
719 726 38
719 595 58
917 682 50
645 948 56
833 862 56
731 928 76
885 774 49
793 949 41
365 283 23
678 529 38
806 949 55
523 764 37
52 274 38
327 97 100
229 385 21
199 425 9
982 775 23
457 454 79
890 961 75
875 813 88
720 684 84
931 752 14
282 126 27
569 588 76
532 895 21
654 635 32
785 729 27
672 850 89
351 86 19
377 248 56
201 214 86
655 645 44
253 341 37
966 607 15
152 229 66
796 556 71
786 894 94
777 542 36
729 607 50
268 20 39
588 835 64
208 147 74
337 165 8
564 779 52
218 58 85
617 997 80
601 994 79
310 119 70
441 87 21
598 667 31
358 149 50
915 569 95
686 848 73
730 549 66
643 716 42
350 199 61
605 763 44
193 494 96
594 565 15
671 561 63
422 242 53
611 632 39
694 839 51
691 987 12
446 82 26
508 820 10
25 349 68
904 909 38
570 962 54
334 8 79
582 749 65
803 720 15
590 875 23
868 514 21
92 417 40
596 761 90
494 486 87
256 221 38
688 848 88
134 405 98
744 584 57
653 768 69
517 637 23
825 983 65
666 856 20
1 308 40
698 686 81
970 592 37
316 240 58
178 17 14
38 413 90
171 324 13
939 999 26
196 64 37
290 489 67
853 509 39
938 874 78
604 733 35
278 73 4
648 946 43
7 191 40
318 374 92
427 159 98
103 393 98
278 284 4
699 730 46
29 89 86
226 221 67
796 563 7
318 205 19
713 931 71
602 791 4
908 921 40
222 465 2
939 677 7
361 400 17
89 225 94
66 18 77
328 108 5
16 424 3
349 161 99
850 737 66
788 821 76
355 476 5
230 484 73
383 265 41
756 504 61
297 388 89
688 531 56
443 387 72
136 121 28
466 164 50
776 684 33
884 933 88
746 686 30
622 690 47
969 669 96
796 846 38
356 382 43
810 877 10
213 441 6
251 14 83
637 806 60
191 334 97
896 642 2
126 219 33
387 150 18
104 58 19
523 899 30
577 777 32
676 679 60
344 257 71
917 594 22
445 53 93
412 18 12
356 120 35
381 386 67
241 442 12
245 335 70
312 31 97
476 405 25
724 602 38
929 615 53
590 891 88
219 181 13
752 940 47
547 981 76
344 439 59
238 339 86
932 586 92
234 95 78
777 753 95
5 335 7
370 208 60
359 273 9
872 970 76
421 188 14
693 982 99
429 255 6
598 765 29
175 257 45
895 561 81
411 263 94
551 567 58
927 552 16
169 135 25
884 557 46
79 321 97
126 146 21
640 813 48
355 382 20
365 71 92
411 392 85
438 493 69
917 981 6
858 848 5
904 791 53
26 159 94
535 812 90
226 237 38
790 750 88
406 70 98
894 767 51
969 771 74
100 128 75
445 239 74
889 830 87
884 514 84
611 878 62
688 994 66
726 526 25
824 949 64
547 819 6
960 928 52
632 760 82
176 188 92
766 662 92
741 837 43
877 515 7
274 204 23
743 605 55
144 418 12
89 30 72
166 321 27
179 70 77
121 171 56
444 206 26
392 252 59
791 601 41
245 194 22
547 623 20
934 696 1
539 591 57
348 301 68
466 363 73
19 451 89
3 364 49
75 42 78
574 560 3
3 216 47
53 17 50
33 73 85
479 1 9
672 762 23
676 822 31
461 408 16
226 264 5
66 112 55
517 656 21
614 925 14
299 297 49
214 50 82
17 250 74
328 187 21
492 496 77
220 81 86
744 943 61
233 132 42
287 378 30
943 558 95
918 949 78
136 159 15
110 488 23
698 528 61
393 223 67
343 426 51
954 973 47
781 938 32
396 19 56
449 104 55
55 236 52
347 202 42
884 539 10
547 687 36
996 942 41
942 690 27
653 983 68
863 982 50
745 809 34
782 549 41
549 867 77
463 226 61
316 490 59
987 759 63
943 653 19
613 875 82
893 657 8
920 605 87
40 393 28
100 315 33
52 443 88
831 834 100
788 656 55
806 543 93
286 19 96
451 251 33
841 514 31
795 995 15
746 951 80
687 904 85
724 644 37
5 436 55
114 219 78
469 259 17
486 142 93
858 682 11
161 223 85
272 35 24
628 545 80
725 751 5
34 453 55
586 965 4
572 693 58
32 333 92
959 783 70
73 158 57
726 806 36
298 346 62
326 216 69
941 882 57
779 774 90
434 447 66
810 671 59
211 234 97
143 456 45
505 732 3
522 697 14
954 637 54
419 238 89
715 636 95
132 278 92
157 317 24
879 603 84
791 618 57
177 294 36
558 812 74
446 483 2
385 463 71
570 899 94
955 826 28
556 907 71
827 770 5
194 460 23
908 594 24
695 507 66
168 372 46
102 114 87
640 571 37
633 962 76
453 1 84
266 176 93
310 389 44
968 506 73
347 451 41
990 909 15
871 500 74
47 198 10
866 749 64
76 435 53
639 764 27
322 249 47
903 724 55
860 801 88
639 716 24
744 756 73
318 156 62
334 313 100
324 165 85
815 771 45
75 259 41
703 557 41
413 78 63
575 932 70
636 948 30
347 289 85
304 70 74
844 808 46
272 360 100
523 514 71
353 396 39
287 40 8
532 719 91
263 375 100
180 317 42
649 853 18
269 15 42
868 814 40
902 784 67
750 818 64
947 954 27
426 63 93
223 368 24
394 14 34
767 815 15
282 124 50
268 407 1
511 798 24
589 701 96
360 378 12
318 44 97
684 701 100
665 930 41
609 965 84
892 789 63
854 831 42
269 84 87
17 80 42
524 829 37
149 180 91
472 118 18
456 219 99
98 490 2
394 345 78
527 659 95
97 47 87
514 915 88
10 239 4
931 877 27
477 26 54
881 502 57
801 549 94
348 14 2
448 410 9
428 102 38
24 313 53
614 731 62
205 290 46
529 926 87
976 720 81
429 166 87
150 269 99
346 493 3
37 420 4
85 90 41
719 828 40
223 153 45
0 138 64
664 739 94
277 293 80
414 319 68
88 165 88
713 579 97
791 656 29
249 362 89
112 103 83
165 243 8
464 161 29
96 220 32
46 182 86
564 824 21
313 129 36
473 201 99
136 2 5
620 970 39
723 877 100
34 478 64
553 544 74
308 170 45
355 356 55
730 678 29
507 840 75
938 868 74
971 824 19
995 719 66
273 307 64
724 957 66
679 872 84
856 765 57
258 317 29
41 413 10
308 110 88
207 113 33
563 774 95
44 385 88
754 906 56
399 118 39
804 527 24
111 33 69
330 156 93
914 698 71
119 258 69
336 362 81
107 337 35
172 253 74
790 741 30
723 929 11
476 182 67
77 144 4
593 546 52
568 937 24
339 486 74
449 155 66
588 977 56
728 887 11
319 383 34
534 826 12
220 330 38
549 712 14
186 225 47
900 726 100
58 459 85
833 736 93
590 584 86
499 91 24
712 880 49
770 552 41
811 661 82
12 471 55
851 800 83
927 553 33
482 296 31
827 589 96
647 521 66
902 546 56
135 70 69
8 482 92
735 720 25
399 116 65
59 276 61
674 891 26
75 40 1
515 888 40
222 85 59
247 395 30
668 518 90
518 602 42
125 227 7
320 217 73
597 806 94
145 211 60
295 410 16
822 507 33
864 842 88
730 616 22
963 502 15
822 714 6
416 86 85
658 628 85
595 884 35
842 856 50
196 225 81
541 996 56
978 968 43
998 748 55
949 686 34
867 885 46
26 20 70
708 675 60
567 695 55
246 132 85
1 186 49
490 462 88
916 762 65
301 16 47
515 533 31
75 45 68
374 359 36
413 46 48
669 680 31
149 336 100
780 787 38
19 59 9
371 200 39
511 876 13
889 878 41
111 272 1
242 17 14
351 202 19
582 761 64
128 40 35
625 672 46
188 142 11
135 447 90
210 68 9
11 225 14
588 696 85
914 587 89
899 886 54
395 246 76
118 189 87
337 59 99
684 984 68
745 517 99
592 838 43
583 897 27
997 584 21
726 701 13
629 803 16
395 309 24
436 319 64
108 53 21
128 176 37
386 336 55
235 24 12
409 298 17
774 738 59
304 446 92
442 280 91
839 512 28
222 78 98
399 348 62
50 345 28
858 528 56
996 820 27
789 670 45
278 433 13
652 763 40
420 328 74
785 812 2
80 14 20
986 896 78
914 547 13
934 503 10
548 745 97
772 669 24
805 574 50
885 649 68
819 545 93
981 933 26
258 25 16
674 884 70
312 428 59
262 458 14
417 116 1
95 214 64
98 117 42
770 652 6
804 753 32
550 875 78
247 81 16
904 788 36
532 771 7
250 256 17
165 382 84
645 922 23
547 798 33
964 824 19
8 218 45
165 279 58
909 895 83
303 433 45
645 904 36
967 601 47
991 517 1
892 611 47
635 738 70
108 376 64
478 146 22
489 220 24
204 9 23
921 926 77
421 328 20
762 740 46
191 402 98
966 805 42
309 142 41
252 376 19
280 21 53
300 176 65
870 702 8
694 838 95
514 779 50
594 769 61
831 974 37
624 747 56
550 652 88
257 348 94
314 100 77
871 623 20
1 35 25
238 11 93
566 996 60
620 959 94
11 409 84
354 158 4
178 55 77
274 127 58
645 957 23
625 729 42
271 230 61
184 71 77
135 438 65
476 20 37
149 157 46
4 316 21
66 279 100
351 393 49
354 16 53
816 807 56
538 752 67
940 880 27
521 740 70
404 160 28
16 451 69
173 122 17
355 369 57
505 876 73
687 603 35
57 278 35
372 156 76
110 171 36
906 674 45
298 129 76
490 6 66
682 617 73
396 383 60
511 692 96
424 491 52
547 631 41
954 715 47
998 624 87
499 131 7
799 950 75
43 95 82
135 124 76
307 431 43
806 850 26
354 364 97
70 122 5
10 368 83
625 796 84
950 801 57
556 529 48
154 329 11
808 891 48
428 207 74
134 459 16
243 328 8
624 813 20
663 687 93
614 992 100
458 473 22
261 350 90
86 484 93
574 749 34
66 146 57
931 619 31
82 430 5
918 801 52
77 110 61
420 149 11
993 619 61
860 882 38
382 394 79
160 254 66
268 276 86
995 660 76
896 983 25
458 437 98
83 420 56
265 36 86
54 373 81
572 636 39
932 746 56
339 166 37
167 14 92
275 258 65
546 669 70
547 941 61
191 145 4
321 13 56
942 555 100
989 757 96
540 784 16
889 820 94
41 361 76
202 367 65
42 417 48
775 565 86
266 136 33
261 172 25
52 424 91
978 603 66
779 849 89
725 979 48
777 558 43
623 980 85
365 475 59
676 986 47
736 843 80
270 330 44
466 144 17
997 513 7
833 975 63
285 233 36
929 612 30
774 869 40
162 411 16
622 839 26
569 599 49
802 685 90
411 469 71
340 398 25
746 514 32
783 540 56
341 305 5
825 916 30
970 675 88
340 473 12
720 557 90
654 632 2
223 196 83
885 888 13
810 788 52
402 383 40
954 572 15
926 521 2
442 399 5
81 298 38
619 538 73
105 48 45
195 314 87
794 830 24
911 830 17
569 509 37
979 727 98
302 426 48
34 321 35
40 282 24
893 940 15
857 593 77
42 56 49
64 283 56
82 216 2
516 805 64
278 264 17
600 624 1
699 998 24
831 984 80
843 591 82
391 6 16
265 195 21
116 385 13
1 100 15
591 833 72
258 239 94
428 327 83
217 47 69
102 217 24
870 975 79
384 468 67
603 684 89
932 668 18
946 943 45
425 262 42
861 899 19
646 661 66
280 354 41
179 82 59
82 115 48
168 498 61
680 801 46
907 855 29
103 261 9
988 955 81
695 676 28
950 552 39
94 476 58
624 963 64
259 347 41
612 582 62
380 477 3
239 452 62
278 116 57
294 253 66
408 199 50
366 157 35
960 657 80
140 267 83
416 345 67
814 908 73
922 501 43
127 379 31
628 672 54
850 591 78
948 930 15
372 78 42
621 685 80
369 230 36
711 943 88
934 548 15
142 392 97
109 294 88
647 923 74
427 290 56
413 457 82
692 543 2
817 519 75
730 792 86
322 254 19
790 622 74
33 362 22
301 188 40
289 85 41
124 230 9
199 271 15
236 245 79
927 802 88
193 498 63
605 801 57
679 764 23
373 298 56
92 300 70
842 621 66
782 684 34
686 920 40
723 647 76
992 878 92
947 745 72
500 710 81
212 25 12
851 744 95
282 88 56
359 460 54
279 161 80
586 839 99
224 388 29
995 927 87
448 105 27
763 727 94
228 479 37
422 38 72
361 115 64
607 847 91
931 745 50
738 904 22
857 811 92
641 957 63
658 654 100
974 599 13
633 538 32
50 406 70
58 83 92
701 717 74
222 395 39
71 311 46
346 133 62
676 553 89
68 466 75
325 377 58
595 599 10
56 482 51
424 387 39
539 686 3
263 391 54
408 190 17
865 886 73
250 262 65
269 168 61
434 496 65
865 889 57
975 663 77
61 193 73
606 953 7
121 159 51
210 75 56
741 743 9
0 229 17
375 30 4
355 161 86
781 514 38
118 398 28
41 224 72
698 761 49
970 694 80
719 553 22
285 297 36
989 830 93
840 699 7
996 694 80
510 746 31
831 544 56
89 380 34
585 816 84
720 991 68
411 228 65
572 862 92
742 744 2
709 710 49
499 38 68
631 666 36
677 923 25
291 438 38
511 735 78
940 919 4
939 764 94
300 145 10
107 20 34
887 719 70
488 146 56
688 814 44
188 244 38
385 194 73
487 203 10
652 719 42
946 977 17
88 220 44
759 532 100
849 814 95
509 988 55
126 437 61
336 257 80
441 221 26
944 932 54
464 461 62
827 875 33
534 962 63
570 636 77
589 521 80
499 359 7
316 287 98
781 570 3
637 569 38
709 957 92
91 97 25
219 372 89
298 177 63
382 172 93
85 59 89
311 62 92
599 777 31
788 859 94
402 482 57
317 273 2
808 511 23
831 796 74
51 391 22
158 242 98
672 970 74
776 678 30
965 686 52
578 689 81
680 916 64
255 308 10
490 4 21
893 747 40
583 560 57
265 103 92
19 473 28
268 1 91
812 585 1
986 652 54
176 477 78
481 466 19
53 88 15
800 898 31
780 506 91
33 87 43
241 118 72
285 276 37
783 647 57
20 233 22
410 318 23
771 728 91
786 782 18
116 313 2
710 722 63
362 331 11
768 694 70
212 118 9
361 329 62
184 371 49
503 604 86
269 469 19
940 637 91
243 215 1
50 205 56
324 443 29
59 490 73
630 713 48
36 453 33
969 617 94
491 276 81
671 719 78
518 912 57
7 122 21
911 684 50
597 640 92
764 544 32
926 603 48
803 810 91
838 931 87
712 572 64
751 562 94
207 140 34
561 774 46
148 282 51
186 205 93
867 604 6
345 283 7
659 757 12
104 250 83
669 737 81
875 529 41
968 958 6
740 594 67
115 38 10
182 107 74
188 346 94
792 788 48
473 304 19
549 679 70
563 677 60
504 645 57
901 547 22
803 895 9
615 783 62
821 835 50
12 300 3
613 894 12
766 806 71
334 24 16
803 648 88
43 196 24
331 70 60
257 154 89
210 342 7
178 288 31
57 226 25
198 270 30
401 212 59
465 28 45
325 36 36
238 187 63
975 742 86
80 83 60
115 365 80
128 367 54
893 544 74
284 344 42
269 43 42
183 105 70
426 315 11
971 785 62
725 733 34
737 686 89
337 263 15
401 192 91
962 811 62
616 600 58
240 297 8
243 273 66
799 753 57
12 189 50
601 914 68
293 220 31
513 783 76
642 600 58
916 861 55
201 7 83
232 315 51
825 907 6
87 196 42
457 405 10
318 16 47
43 180 46
91 167 61
711 898 62
549 896 25
220 240 24
737 886 90
99 209 33
128 358 57
965 702 26
345 494 90
107 88 58
765 907 35
469 276 76
239 99 58
233 357 83
364 279 56
438 325 20
350 114 14
824 556 43
394 484 9
888 831 59
663 616 23
826 557 56
569 930 6
528 917 53
849 856 13
178 470 86
370 184 18
54 365 12
427 492 41
799 910 65
761 577 53
323 490 43
643 832 99
530 574 74
861 503 96
553 950 68
267 176 39
782 806 2
418 12 38
949 564 81
459 489 8
694 868 43
520 600 50
287 338 38
776 524 67
372 31 33
276 460 21
439 227 72
54 12 92
244 328 14
391 368 59
175 469 30
750 707 28
738 703 96
826 654 17
702 772 25
932 534 11
813 930 79
968 745 24
901 741 34
185 331 9
30 286 75
457 312 90
529 592 87
798 846 95
163 420 36
647 926 77
914 732 40
984 547 17
538 578 32
628 995 16
720 843 62
386 195 77
794 854 19
43 236 94
853 520 22
497 102 30
265 371 90
575 934 83
500 697 31
990 737 41
211 115 61
681 573 69
958 605 67
725 688 62
924 890 17
509 738 87
776 885 42
682 625 15
913 516 78
156 483 63
814 602 36
199 106 67
762 526 16
619 645 57
804 736 78
524 637 39
980 841 81
186 352 44
724 908 92
473 174 96
439 180 60
121 216 19
49 42 51
839 563 97
752 594 90
913 963 53
180 30 20
637 974 68
579 640 96
687 608 30
730 894 86
118 318 1
914 810 42
414 29 84
835 673 23
476 161 77
471 197 41
720 984 11
919 705 23
842 850 68
117 462 77
257 448 54
824 657 74
446 55 26
886 733 94
361 404 92
917 583 37
667 691 68
601 777 26
201 330 68
855 718 4
787 824 27
956 901 88
838 996 22
470 59 12
676 793 82
522 560 93
160 333 20
776 791 70
518 568 47
206 108 22
399 328 22
944 914 29
466 309 95
165 371 35
852 795 68
132 104 31
69 260 8
991 840 65
332 341 54
71 240 64
330 153 13
101 409 60
814 507 62
382 123 52
322 435 89
615 566 49
176 125 4
593 880 96
298 14 4
946 898 34
584 962 71
394 21 33
109 130 10
923 728 39
360 200 88
290 122 87
130 101 2
262 291 39
324 212 47
233 428 2
651 517 31
336 160 100
773 755 58
916 924 19
147 225 31
570 510 41
147 53 15
304 181 39
737 715 94
664 804 57
651 911 34
237 410 44
314 226 96
754 616 34
812 600 12
644 770 46
950 664 34
473 163 18
517 518 53
333 377 38
294 260 93
577 918 85
588 662 46
641 964 84
518 809 100
729 754 28
935 774 38
488 385 2
328 312 25
317 487 98
306 265 72
427 342 82
194 53 68
334 397 65
302 311 42
318 237 95
635 921 89
477 457 1
431 343 87
351 73 41
790 834 71
340 227 52
536 816 93
580 875 73
309 242 79
214 142 10
582 924 13
907 606 99
108 432 42
634 800 19
175 345 10
699 599 89
100 144 8
366 194 59
157 162 31
920 770 74
886 635 46
830 566 18
867 615 10
682 929 36
618 861 68
19 386 32
215 423 57
922 823 75
528 935 23
37 369 35
524 512 98
793 857 19
590 577 46
341 30 18
444 304 21
78 168 25
818 623 96
214 498 80
471 287 72
387 368 19
736 840 94
883 773 94
193 301 78
623 866 14
61 309 49
450 433 83
226 316 92
205 190 54
760 609 5
598 624 42
589 538 33
715 564 76
131 8 54
717 785 13
891 606 37
795 974 5
558 942 43
94 23 43
24 236 5
668 695 5
250 468 37
799 682 2
305 183 3
980 577 56
666 578 99
922 768 21
731 898 80
619 793 34
106 383 27
478 272 31
491 477 63
407 441 66
671 923 47
532 943 40
52 458 20
947 824 36
17 254 47
478 392 96
413 481 30
327 405 92
352 117 36
780 631 53
567 696 20
428 391 11
704 979 85
423 310 71
180 202 5
689 832 97
151 135 96
743 691 10
459 236 1
784 763 27
296 291 21
261 292 68
612 750 89
605 673 98
149 89 98
738 821 78
995 697 99
812 836 39
142 16 49
251 406 42
888 979 85
33 456 58
747 794 64
922 891 57
839 901 51
985 840 100
924 888 34
889 581 41
2 6 55
435 333 99
251 425 57
361 172 85
236 304 47
302 48 40
118 452 8
654 877 76
268 195 14
163 90 56
547 772 21
123 316 48
500 868 71
875 513 39
566 897 59
475 350 55
614 674 64
322 240 29
560 845 64
85 244 71
834 683 59
561 642 68
221 323 55
738 881 73
828 851 23
36 313 27
531 672 15
146 123 69
69 486 39
667 560 36
151 410 41
659 897 3
254 325 53
256 292 2
642 855 68
462 369 88
934 813 52
937 885 19
216 205 64
480 271 64
656 802 97
462 169 66
970 632 9
146 190 93
202 236 65
64 275 32
956 929 7
275 209 69
890 548 92
247 96 14
554 548 57
278 207 47
331 446 97
864 585 84
443 102 100
448 225 6
24 412 56
994 850 15
496 331 92
701 967 35
566 512 58
479 240 35
493 336 31
286 174 42
745 681 39
719 782 96
231 313 6
703 630 85
307 186 91
864 927 44
249 99 66
125 337 74
663 648 7
471 345 14
738 789 32
648 661 17
266 348 77
320 54 40
221 198 22
618 824 46
560 814 90
353 397 17
207 493 4
105 223 6
455 426 94
85 217 11
391 330 56
796 569 2
81 165 91
942 588 80
444 207 40
590 548 16
50 471 96
506 596 72
785 551 55
444 84 13
187 21 42
121 18 57
859 515 11
790 840 61
198 304 81
780 752 4
493 313 71
933 871 51
516 864 4
479 473 21
554 879 69
441 228 55
205 109 87
174 348 23
288 479 32
644 948 78
581 688 59
658 859 99
570 637 78
642 637 71
741 605 90
134 362 39
242 459 43
676 830 23
386 33 80
584 831 3
477 310 14
492 36 71
668 516 67
445 467 19
495 497 59
515 722 35
577 718 26
111 89 87
439 327 60
891 988 19
412 388 80
226 183 80
147 111 27
323 235 9
286 169 67
386 20 38
249 432 69
535 694 71
108 67 21
656 586 70
785 935 53
95 172 48
475 122 94
29 19 40
731 776 85
907 510 75
922 788 70
68 451 8
828 933 16
965 664 45
767 502 19
727 504 20
789 964 52
300 128 83
289 372 64
214 432 71
486 208 65
13 425 44
169 488 23
21 206 95
927 987 87
385 476 54
365 1 18
817 548 75
814 608 59
508 925 5
191 497 64
690 880 53
529 797 1
959 830 53
542 983 85
365 94 36
243 398 50
86 145 20
136 264 80
147 48 9
684 987 54
365 162 76
279 97 7
983 699 1
883 669 34
246 342 32
872 842 3
763 552 49
506 585 95
92 367 19
670 559 2
747 519 100
913 969 64
356 290 90
575 514 19
999 561 3
732 569 22
215 491 93
134 430 94
432 119 47
569 523 47
825 882 30
313 160 94
950 571 44
587 561 2
107 308 100
163 453 41
390 285 91
814 666 7
709 661 71
406 189 31
213 110 79
121 357 8
879 816 34
825 768 97
83 198 59
158 227 21
855 825 3
994 620 7
223 354 14
499 8 38
204 225 88
733 772 14
631 600 22
714 800 78
933 677 43
970 821 12
100 290 87
91 222 77
802 868 85
415 231 65
565 872 38
587 847 74
9 439 19
58 199 57
813 940 53
608 620 90
846 549 90
440 256 23
345 422 39
403 343 21
198 210 53
413 28 36
441 106 3
827 931 84
134 484 39
980 534 35
142 156 62
645 927 85
582 770 21
603 515 26
160 78 22
360 195 92
919 714 67
969 976 85
950 641 29
866 762 36
337 151 97
831 529 81
426 299 10
920 880 16
605 915 65
229 128 49
746 908 3
6 90 74
84 2 51
981 891 23
724 825 74
52 343 100
854 572 28
935 998 89
121 432 62
754 794 77
495 476 56
744 640 64
3 289 96
851 997 74
266 327 57
275 130 32
972 754 38
120 191 88
470 317 59
730 532 83
967 785 73
22 331 4
865 731 88
413 367 67
239 341 29
61 199 100
62 213 94
967 695 63
986 561 90
145 78 79
131 39 79
140 329 13
518 702 42
364 434 64
479 239 7
60 45 21
262 277 72
165 248 78
508 945 52
232 353 39
569 633 46
50 206 49
345 388 40
757 991 84
576 748 10
438 292 82
888 991 62
309 286 81
103 6 83
90 297 3
927 700 84
432 72 69
513 659 68
826 527 86
306 489 61
0 408 35
790 973 11
177 270 82
139 491 68
664 897 60
295 382 62
556 539 16
900 629 50
201 135 72
73 337 56
310 342 89
228 168 10
526 676 20
242 413 40
237 199 29
36 173 59
863 680 97
115 31 96
693 551 81
981 808 23
356 247 3
928 860 39
83 479 41
40 2 94
394 494 81
821 923 10
487 247 25
660 931 12
90 281 98
284 122 65
218 64 19
850 560 41
810 725 77
755 897 98
627 761 82
107 205 84
246 259 40
78 140 28
840 989 8
36 383 46
908 958 65
250 412 81
93 46 44
739 922 3
403 207 83
637 798 91
492 342 28
16 218 96
556 520 16
80 282 57
654 501 22
600 717 61
622 795 87
239 212 18
295 435 42
455 211 76
81 295 23
753 889 48
613 930 25
406 267 82
745 634 46
742 745 41
879 573 55
69 304 32
575 847 10
367 254 45
107 21 73
9 208 43
712 753 50
799 726 73
312 219 78
638 653 17
127 269 20
149 60 100
683 603 81
829 700 42
834 703 55
755 948 4
472 241 85
785 632 28
248 192 2
347 121 61
170 239 15
282 270 25
843 912 23
412 344 72
682 612 66
632 523 24
414 396 100
304 99 56
419 433 40
211 228 99
964 912 36
199 221 20
559 887 33
398 256 53
338 98 1
754 931 81
6 285 3
762 520 68
480 496 70
460 321 48
661 882 83
470 401 47
687 923 50
406 380 9
474 421 68
836 735 84
395 122 18
541 976 82
445 298 91
434 254 77
486 64 45
884 744 82
455 190 25
327 150 38
502 607 2
947 863 54
192 428 94
731 842 31
179 57 50
808 574 73
341 475 86
187 204 52
478 166 54
51 94 94
405 429 77
354 239 57
51 323 50
820 667 11
429 169 61
158 418 25
102 294 22
980 930 6
391 161 25
959 538 9
597 567 14
359 339 7
694 988 75
921 783 37
907 893 45
218 314 42
615 612 34
810 535 15
645 640 57
221 81 81
802 956 79
129 432 84
928 997 68
861 846 63
664 754 16
382 444 73
808 809 74
990 833 42
117 393 55
200 236 67
130 443 47
33 467 100
70 463 38
585 576 81
630 962 100
782 619 20
72 399 33
571 515 5
121 67 77
470 232 10
507 883 57
342 148 46
326 122 44
773 836 9
662 954 70
627 678 34
780 634 80
892 986 7
812 690 57
941 626 20
17 183 50
835 848 1
260 141 70
306 152 98
495 353 54
951 940 61
680 927 10
506 549 64
698 879 81
197 162 82
162 10 81
898 713 70
643 579 40
283 39 56
704 744 3
929 614 41
930 877 43
29 155 44
554 745 47
410 436 72
503 913 23
872 871 64
950 982 37
158 164 13
547 592 41
908 952 26
801 789 8
990 661 26
833 667 58
456 147 38
884 749 1
38 101 5
971 618 54
919 956 66
694 780 79
64 382 49
207 496 37
756 870 16
254 342 82
696 596 44
446 148 48
578 546 33
317 20 10
948 965 31
358 394 36
728 865 95
472 262 48
565 604 29
547 808 4
995 534 77
613 861 36
713 528 77
294 346 24
318 450 60
444 146 8
539 882 88
122 126 10
114 73 20
300 392 76
74 266 47
42 370 82
968 584 51
904 853 55
243 135 50
211 360 83
991 643 77
846 658 98
876 858 57
292 195 68
203 142 57
215 205 94
307 316 60
895 773 29
212 241 59
107 159 93
53 322 65
16 347 20
955 633 3
727 628 71
734 666 51
795 897 81
672 551 3
886 551 4
64 131 21
911 871 77
416 442 25
666 630 65
456 162 87
277 235 56
480 359 52
107 486 56
794 928 42
292 121 100
159 243 75
222 297 62
800 889 8
667 600 95
467 398 47
969 605 82
94 173 12
689 639 67
435 497 83
754 979 11
864 675 41
294 493 55
805 738 14
342 421 88
629 960 7
112 481 24
281 156 58
103 300 50
823 779 40
526 695 34
568 717 89
411 412 34
738 730 10
345 464 85
118 127 62
11 160 84
558 944 18
726 956 19
412 126 44
754 861 84
80 159 3
477 24 52
774 685 19
69 193 75
807 958 34
151 368 45
889 733 18
559 820 72
560 982 99
97 31 54
202 171 79
333 411 18
590 550 82
799 608 50
438 374 67
741 701 47
598 966 70
609 551 5
772 843 70
746 808 70
19 122 46
816 853 4
942 956 41
458 168 1
264 191 91
416 334 12
491 303 51
427 293 95
644 522 76
22 267 88
735 954 58
689 725 62
412 63 69
19 155 11
710 966 66
201 250 73
187 250 7
71 161 50
23 242 61
983 782 86
33 173 8
734 771 9
722 792 64
432 138 15
662 698 48
437 300 54
888 595 27
83 434 4
611 760 5
12 110 100
844 824 81
927 634 79
316 83 41
684 679 96
357 17 58
926 971 70
854 946 36
282 3 62
957 904 75
159 97 75
354 79 2
437 422 60
662 611 2
638 682 67
44 184 67
210 420 100
159 476 53
856 990 20
881 828 28
183 428 20
323 129 18
349 132 36
974 621 57
108 312 62
519 705 51
741 726 24
940 561 73
372 57 53
892 964 60
245 422 60
390 6 42
508 992 47
566 899 49
562 804 45
246 43 74
561 887 7
652 718 47
270 343 64
229 354 74
193 27 43
401 141 99
913 599 88
145 73 29
375 327 35
944 996 24
119 285 52
163 494 29
976 698 26
834 754 16
642 891 74
770 737 99
640 833 62
511 619 50
90 57 76
153 367 19
625 935 42
64 7 32
523 531 45
470 17 89
518 655 68
389 466 97
146 461 12
111 426 70
21 43 71
427 246 76
392 34 6
619 584 92
372 229 84
238 167 46
967 959 35
672 519 12
403 177 48
699 992 2
827 660 44
426 120 50
975 584 31
977 871 47
634 835 58
414 470 44
471 421 30
619 981 20
163 273 81
175 15 57
346 447 97
516 541 54
463 423 16
643 955 6
414 308 36
513 553 49
293 358 67
106 398 59
326 354 22
709 616 6
52 485 18
1 129 51
875 657 84
515 747 81
375 182 66
367 209 34
198 437 77
970 787 31
376 377 100
98 313 1
55 488 99
343 468 92
212 193 55
157 151 57
362 177 90
345 251 81
40 457 78
503 871 62
45 181 96
815 984 78
493 396 34
206 198 44
411 257 31
211 80 97
482 263 11
672 683 24
205 189 89
348 459 51
753 774 46
824 912 92
788 849 30
676 906 25
685 858 72
373 388 73
365 458 18
621 653 32
122 37 30
694 613 67
418 448 73
293 330 99
766 706 5
429 434 52
77 309 26
762 868 28
866 863 8
401 239 64
721 971 68
965 932 85
866 763 10
297 497 83
428 477 89
763 850 52
903 507 78
885 674 69
665 568 93
655 733 92
808 707 16
431 387 95
144 224 13
636 704 2
6 167 69
159 328 27
350 312 38
850 594 97
650 673 53
896 933 68
737 500 54
801 682 22
726 681 57
812 631 78
492 34 36
421 418 41
877 617 12
989 523 23
229 473 87
559 629 84
514 813 28
3 397 81
735 894 52
848 992 34
191 152 65
675 816 22
853 970 7
708 583 94
56 496 80
779 952 38
251 159 33
188 435 60
341 157 42
741 964 44
211 193 8
636 635 96
878 872 16
87 258 38
828 553 49
500 833 5
93 216 67
85 413 97
623 888 12
660 516 2
565 547 66
428 1 17
135 174 34
754 938 6
99 212 15
288 322 66
381 473 84
776 665 18
976 745 33
845 709 85
919 780 15
13 264 54
160 489 78
289 151 99
543 836 57
840 786 50
892 929 18
755 806 84
120 369 73
386 289 60
463 58 37
649 930 88
404 12 39
884 675 36
375 352 56
854 604 44
258 381 43
261 112 22
589 831 16
436 480 9
421 214 45
207 240 47
263 102 100
906 728 71
398 430 54
42 408 59
768 966 50
646 510 46
9 102 28
770 666 22
320 98 34
899 649 27
367 2 65
376 384 18
654 625 96
606 531 95
232 51 63
9 192 91
996 977 21
356 190 42
277 313 2
588 861 9
526 504 81
209 363 92
54 370 38
63 94 81
825 646 37
890 885 74
781 669 61
918 580 39
917 609 73
831 658 65
112 139 47
798 928 48
562 618 3
445 226 57
293 376 47
502 634 96
934 806 30
820 900 11
85 165 95
920 734 51
500 865 74
245 79 30
731 818 4
899 810 27
37 23 53
488 149 60
625 677 45
430 356 96
957 839 11
322 485 61
87 325 79
939 759 10
810 930 45
706 538 61
165 443 34
999 942 90
867 887 82
804 515 68
424 496 85
935 558 6
309 155 19
876 500 59
489 109 98
938 945 75
771 741 63
409 41 29
843 627 7
204 375 93
779 843 13
155 218 12
666 798 97
56 12 84
152 228 77
343 201 14
14 99 95
148 104 50
285 18 75
897 867 43
868 823 56
38 47 96
384 299 60
911 985 35
597 594 74
358 310 15
627 740 45
279 336 51
668 596 67
509 838 39
806 944 4
664 579 80
672 614 38
38 339 88
523 808 1
28 140 97
330 453 26
868 661 68
888 945 98
803 598 60
834 792 69
705 614 70
744 555 80
161 183 88
298 21 98
728 777 9
641 615 76
399 326 88
86 103 84
742 626 34
418 289 62
305 424 26
655 848 82
422 480 91
271 308 93
153 103 6
249 179 40
645 820 15
367 397 36
315 184 18
145 173 82
736 819 50
248 259 100
299 482 78
780 869 5
240 99 42
280 113 3
652 957 7
352 253 1
982 951 60
232 251 97
481 385 95
653 531 17
509 938 15
936 808 2
558 642 36
547 781 29
368 395 23
325 259 2
851 799 70
772 864 73
284 342 1
304 100 3
635 792 47
36 397 12
871 501 16
925 862 13
796 749 84
432 351 86
463 239 73
431 140 25
425 236 8
179 327 1
579 595 8
320 432 12
523 612 17
350 100 80
69 422 98
830 581 37
938 562 42
798 866 40
689 636 47
592 872 9
944 811 9
556 793 10
510 767 47
516 585 13
828 972 18
519 925 77
123 66 88
974 743 45
536 719 90
660 837 24
707 766 97
715 698 58
762 880 72
308 62 17
347 218 63
278 215 81
33 180 94
527 708 25
655 954 71
845 743 37
377 270 15
1 112 18
764 899 57
988 698 99
5 322 49
812 738 63
527 964 78
359 100 92
740 860 76
688 504 13
179 415 66
943 654 44
404 296 8
685 860 97
333 247 9
193 478 8
903 923 77
43 434 100
964 628 6
769 616 97
786 765 4
996 805 83
445 249 99
636 662 44
845 526 20
106 261 64
979 688 20
911 881 11
68 437 17
317 19 1
155 331 10
5 499 77
934 777 99
218 458 37
882 791 74
800 643 24
242 49 2
98 256 34
199 324 86
820 812 91
506 674 62
873 995 95
787 641 29
433 415 67
308 320 37
651 631 95
260 339 51
396 403 86
783 637 7
158 100 84
916 593 27
798 783 98
150 155 64
877 963 43
641 857 35
994 569 93
531 633 29
634 733 38
56 111 47
98 56 51
376 345 62
404 345 4
848 628 4
326 394 97
56 46 45
380 78 58
618 572 57
813 658 91
666 714 84
815 598 68
536 516 53
326 362 26
156 452 25
101 335 19
148 367 46
