1000 5000
389 828 6
647 389 59
913 647 96
311 389 69
558 828 32
851 389 76
485 311 36
145 558 41
745 647 100
728 145 24
304 558 57
106 913 38
445 311 96
159 851 95
125 311 25
328 647 33
940 125 100
946 485 31
355 159 9
121 389 92
676 851 56
234 328 40
818 145 48
371 106 50
372 485 53
180 485 8
801 818 41
354 851 28
268 371 76
586 106 76
841 354 24
524 371 44
134 311 12
632 676 40
7 828 53
835 745 85
184 946 35
529 145 94
692 745 19
924 524 37
669 7 98
732 913 88
337 841 58
403 851 69
885 647 16
794 311 17
137 529 85
944 354 96
151 445 70
886 558 99
414 137 36
351 180 52
717 371 74
173 851 51
77 841 70
258 311 63
853 913 46
223 134 11
952 717 19
517 106 34
631 268 77
350 304 42
6 180 87
813 121 77
842 354 51
113 732 43
871 7 57
478 125 77
326 6 95
845 223 2
570 940 100
795 350 31
438 728 59
226 371 29
719 414 93
368 106 75
112 258 28
644 728 40
207 676 42
82 311 58
697 669 37
281 159 37
238 389 24
2 7 63
107 113 32
571 337 40
64 137 66
282 389 39
583 924 68
515 64 67
283 403 55
763 571 52
56 885 39
167 529 86
787 571 63
660 570 13
987 795 45
854 647 56
453 952 2
412 351 15
567 355 55
100 485 99
261 282 91
802 924 93
868 944 1
908 745 80
643 763 74
678 851 65
88 311 20
721 403 84
653 940 82
334 282 20
705 717 20
783 745 36
761 868 47
757 795 65
398 159 2
764 234 49
346 125 100
163 868 26
825 125 14
740 234 96
534 908 26
313 757 93
564 82 29
756 647 31
793 794 42
156 647 64
546 676 32
951 764 5
274 783 34
435 258 53
272 586 43
603 835 78
126 717 25
895 603 30
269 371 7
11 653 91
914 258 86
396 453 73
74 6 28
141 137 26
572 801 32
204 371 28
418 745 54
66 603 19
927 313 96
436 204 22
142 173 52
406 885 52
147 524 29
963 436 32
996 583 64
496 940 46
202 845 50
809 996 1
301 337 95
617 113 73
905 854 55
869 721 42
451 351 43
747 885 87
563 163 24
382 924 82
162 558 19
67 234 49
666 261 68
658 570 86
891 853 77
976 485 100
974 818 99
543 258 89
205 905 20
971 67 72
317 121 84
954 7 8
684 125 33
509 828 8
501 871 87
965 660 7
798 272 62
799 952 80
733 913 7
433 563 74
290 304 34
779 756 69
823 134 65
528 11 84
907 337 62
285 851 4
122 974 54
72 337 79
837 705 50
271 854 87
94 142 24
945 435 58
237 745 20
899 996 25
840 692 30
604 945 45
590 496 99
37 106 70
165 891 11
817 940 68
601 529 12
574 954 100
498 346 42
97 11 79
956 202 88
796 517 67
797 282 4
834 813 22
327 946 64
413 88 13
42 113 8
911 100 38
874 6 52
303 632 10
888 107 9
425 529 91
378 371 36
499 202 8
324 813 71
595 7 20
374 100 1
462 874 35
250 987 43
522 793 45
852 498 84
507 886 67
641 499 97
725 885 87
600 223 25
902 643 81
49 88 28
175 389 89
784 546 33
458 113 53
879 281 78
157 528 13
538 378 8
63 451 2
850 451 39
555 534 57
988 74 87
314 282 83
806 107 15
27 175 98
158 555 94
447 173 15
536 601 24
521 586 12
461 509 95
582 334 18
695 604 79
212 721 63
440 7 4
408 913 1
786 425 55
980 499 63
754 946 21
639 895 90
970 317 75
399 389 24
504 274 19
332 603 49
214 313 80
446 784 2
489 334 97
765 946 99
611 74 5
978 447 74
235 396 55
516 754 18
502 797 13
246 574 79
884 543 13
698 412 30
429 27 15
975 764 53
265 496 36
459 250 98
703 757 65
40 845 96
821 141 65
664 705 20
901 927 8
457 399 34
860 717 36
687 719 76
138 378 9
420 884 4
661 175 57
59 72 81
777 290 35
131 825 41
518 676 5
329 817 90
15 112 30
253 669 42
883 2 18
211 165 62
441 350 5
857 351 6
24 647 46
428 567 8
128 924 68
589 72 67
624 911 60
262 311 39
494 795 62
707 446 19
21 438 7
984 841 13
263 874 24
769 184 16
523 795 20
955 501 56
986 436 4
843 850 100
150 523 39
25 107 92
140 145 18
367 534 53
549 374 86
636 24 94
943 574 93
547 769 40
594 521 40
130 796 8
520 214 6
748 328 66
527 793 91
979 764 2
743 523 28
670 594 94
124 435 6
194 783 22
674 271 90
921 721 91
969 536 51
893 378 28
155 899 48
4 268 92
714 757 69
377 327 98
645 692 21
182 156 7
789 784 7
407 664 97
323 765 57
916 303 12
80 314 79
229 516 77
750 429 29
738 162 36
882 271 43
225 457 36
443 965 22
415 823 15
78 658 39
615 131 44
932 355 57
416 501 36
47 789 32
713 77 72
937 703 89
612 329 76
93 518 62
565 141 34
982 74 22
671 828 55
190 351 70
544 594 91
581 151 83
894 647 72
28 458 4
395 764 36
989 428 97
236 806 61
790 563 50
591 911 7
910 425 33
812 907 56
199 438 99
481 733 52
61 713 97
775 984 11
833 538 16
962 414 24
585 63 60
992 262 77
12 604 65
132 518 80
875 787 85
344 790 29
470 351 49
896 261 62
69 703 3
865 818 30
221 165 77
397 956 51
881 894 44
195 549 1
702 564 25
38 796 27
637 283 100
411 15 36
623 745 55
577 565 55
166 207 30
384 451 94
900 301 61
741 982 10
672 869 87
618 528 64
321 632 94
622 669 7
203 226 32
649 72 37
209 733 5
363 869 60
475 61 4
319 384 38
677 901 100
613 397 18
832 697 35
665 6 58
383 793 82
135 661 46
213 871 4
247 6 10
480 509 77
191 221 29
488 594 28
938 509 38
111 332 56
858 488 3
277 344 68
32 122 98
386 894 42
278 156 76
751 637 62
889 751 18
503 130 68
792 64 66
99 113 7
598 262 78
171 901 70
48 301 32
103 546 94
758 2 53
448 82 58
105 247 65
580 793 79
160 962 74
16 678 39
366 61 13
530 882 16
302 372 42
770 408 71
941 799 50
635 223 100
85 250 14
652 447 45
506 783 20
419 705 38
999 806 15
519 436 40
81 354 1
576 893 2
83 570 12
736 992 89
898 155 85
73 678 27
968 416 73
578 207 48
168 66 71
662 389 17
338 875 11
471 858 19
427 578 5
985 518 9
423 842 10
734 570 8
192 489 24
492 156 68
114 182 81
331 103 87
749 111 17
200 459 91
782 854 96
846 374 65
14 88 60
655 745 17
361 985 37
349 250 30
472 644 24
376 268 10
870 974 74
588 451 63
240 74 72
230 97 9
904 908 89
686 946 52
839 951 56
360 329 7
188 88 71
469 583 83
152 509 5
294 952 82
58 151 20
990 166 47
856 809 8
108 850 50
52 80 25
551 191 21
257 581 39
710 502 51
312 549 63
206 311 42
154 896 42
305 757 88
307 69 6
219 567 10
682 992 83
668 93 80
421 896 15
342 843 70
994 152 97
432 665 29
616 77 53
810 551 7
267 501 93
201 150 35
316 842 88
711 860 76
178 809 95
569 670 45
648 81 73
762 547 63
71 697 53
808 975 44
373 132 39
62 158 7
730 736 92
92 664 26
233 707 99
820 604 23
256 211 60
656 901 11
634 481 9
68 407 5
273 506 84
215 721 15
912 128 67
688 871 88
260 670 67
949 820 46
931 589 12
675 182 22
537 14 24
811 278 73
241 180 55
330 313 94
102 623 2
961 194 15
217 344 63
708 881 43
960 868 88
629 979 61
621 443 90
115 107 78
593 817 86
169 962 53
844 191 86
626 585 76
279 632 53
903 366 79
437 954 36
510 809 17
30 577 6
96 910 51
620 515 57
34 809 93
513 563 99
208 25 96
573 32 84
917 166 22
683 813 36
739 595 33
642 733 77
640 741 7
752 112 15
431 74 32
557 150 84
179 692 94
390 175 29
646 498 13
353 902 66
139 889 67
231 351 86
364 204 47
873 329 37
123 522 82
357 990 99
109 62 23
385 544 24
218 412 56
788 131 83
942 403 59
183 506 89
31 471 31
819 616 73
185 502 72
953 571 5
742 415 25
20 155 16
744 986 3
333 49 3
993 557 52
259 4 51
816 202 99
22 969 12
54 801 20
335 259 52
442 739 68
222 665 40
289 761 6
405 879 56
149 941 42
76 649 67
181 798 54
55 407 49
1 253 15
950 130 24
430 782 66
997 492 26
280 955 88
715 173 77
774 67 1
491 999 30
119 794 41
320 461 53
680 769 17
829 870 33
336 157 11
778 100 40
957 364 56
780 725 77
174 167 72
540 73 73
890 151 10
228 355 2
723 741 95
104 458 7
26 461 49
566 414 46
525 885 7
630 752 67
456 521 78
803 184 77
477 384 16
198 957 3
998 38 74
704 24 29
153 510 58
60 430 62
293 250 50
673 203 42
964 427 87
972 93 29
699 536 82
39 668 59
454 185 73
426 263 83
923 481 19
867 438 59
926 963 53
46 24 26
50 695 88
98 69 80
297 60 72
467 994 3
760 222 16
981 22 51
164 762 53
922 870 73
561 396 58
343 988 69
694 38 80
768 978 93
977 253 22
690 582 27
35 576 65
681 537 59
197 595 2
309 153 82
455 850 66
298 313 43
43 420 35
531 840 7
826 371 96
29 319 69
554 971 79
724 469 32
925 83 19
614 21 25
381 671 53
101 32 57
315 946 40
296 904 7
127 413 36
232 419 44
401 467 22
545 904 52
880 126 86
605 950 4
592 467 29
627 738 9
394 165 83
731 92 97
340 152 80
948 747 39
628 569 51
568 796 22
939 756 51
220 346 29
379 274 10
13 367 73
838 616 29
393 185 76
300 472 3
609 740 58
19 926 31
417 703 95
75 925 84
533 925 67
264 889 87
877 509 98
95 790 39
847 68 61
657 702 54
619 903 75
966 869 4
679 763 73
18 901 45
918 733 11
650 371 45
493 664 23
196 355 15
299 199 17
41 389 40
359 94 94
685 740 93
306 122 32
663 527 23
830 694 6
887 211 60
709 22 47
276 475 39
476 803 68
667 962 74
65 549 27
602 366 55
878 323 49
110 987 61
542 12 56
487 304 69
807 132 27
251 327 45
51 961 98
227 219 70
720 208 45
483 76 54
79 504 46
3 61 33
548 321 7
822 502 75
468 398 66
696 261 63
242 725 71
172 140 52
91 372 84
824 577 45
347 58 93
410 885 20
556 157 99
402 188 8
727 67 19
392 833 95
722 748 8
920 598 99
270 43 57
409 76 77
117 231 42
144 441 48
275 544 90
474 321 32
325 432 21
254 574 99
486 371 100
136 782 18
933 91 58
249 908 57
33 199 39
495 680 88
526 667 53
716 788 1
53 536 42
176 15 71
86 486 8
625 993 2
370 873 52
484 408 66
308 900 19
120 581 43
473 852 8
562 695 30
266 114 54
791 196 53
936 251 81
187 946 84
815 238 80
753 852 43
143 2 34
781 34 46
10 106 3
57 542 33
463 167 11
341 670 62
400 379 93
186 793 88
973 7 26
610 447 80
449 22 28
424 471 23
44 546 18
866 563 100
575 857 90
706 4 42
859 668 74
535 850 45
511 692 70
439 819 17
919 526 38
712 527 59
490 416 12
691 515 60
508 925 29
553 269 65
862 425 60
70 257 65
465 201 17
776 174 11
892 30 95
935 155 72
863 739 33
560 847 49
689 920 84
983 187 30
482 328 62
90 364 29
177 55 60
759 738 42
915 984 97
746 445 85
897 425 18
291 395 94
193 506 86
995 269 66
292 594 91
84 172 30
365 746 40
785 895 57
654 104 58
872 301 72
539 227 18
532 829 74
404 483 60
8 728 62
295 147 74
934 325 67
861 543 89
596 221 18
700 12 22
5 664 93
608 293 37
362 204 37
89 113 29
773 825 70
387 957 32
45 676 99
755 832 66
356 637 51
391 818 30
352 754 20
161 18 5
0 231 32
170 19 86
876 847 89
849 974 3
767 569 34
444 30 95
288 352 11
737 257 26
772 715 76
906 302 13
827 340 27
584 439 66
133 532 54
552 167 40
9 862 60
255 122 41
735 285 55
450 995 25
848 219 51
422 974 63
284 101 28
514 843 67
17 720 74
550 222 66
701 644 62
388 669 87
146 363 76
375 992 87
497 538 99
358 317 59
659 225 18
718 877 19
479 74 9
766 955 70
464 847 97
804 927 86
607 974 77
579 899 94
800 671 68
369 453 98
967 290 40
36 557 32
23 897 86
651 561 60
947 508 81
500 72 51
286 498 66
287 236 1
693 431 21
310 267 29
148 523 97
322 724 22
771 284 65
248 603 67
87 297 23
512 846 73
460 873 79
928 833 53
606 80 77
814 0 61
380 808 89
959 903 55
252 281 4
726 815 61
855 423 44
452 551 93
239 853 52
210 374 57
244 286 54
958 377 84
318 907 81
345 914 75
224 825 91
805 22 82
930 402 89
243 958 63
129 867 71
638 370 25
466 584 20
864 677 66
587 146 97
559 393 31
348 404 62
909 441 74
245 348 17
836 131 63
599 173 4
434 297 12
189 557 63
339 50 82
729 713 2
991 148 36
929 489 33
541 442 43
831 356 18
116 140 5
633 412 73
118 906 23
216 77 23
597 23 30
505 245 48
690 424 17
361 309 85
727 315 96
810 61 45
738 433 8
773 415 46
560 653 12
508 73 15
187 116 63
130 481 87
846 46 22
525 76 45
572 980 79
636 736 71
302 823 74
480 344 4
286 280 79
491 181 78
820 763 75
407 257 19
550 874 31
8 949 81
238 447 34
571 394 3
494 585 61
703 56 31
919 402 85
421 370 16
128 107 92
703 540 90
186 764 58
944 490 19
206 174 97
285 846 26
488 220 64
977 78 10
352 349 59
711 389 55
903 169 5
886 573 6
675 896 54
501 611 34
224 491 41
747 877 93
587 667 60
411 681 22
283 307 6
388 983 11
989 40 30
498 85 36
258 365 27
788 963 31
635 272 22
508 971 12
505 535 99
572 792 59
757 92 6
134 77 13
966 586 17
879 660 5
512 193 5
16 408 64
930 317 67
257 972 45
326 410 77
506 798 81
459 802 80
551 696 92
706 600 58
183 113 67
196 280 30
193 677 59
319 675 69
940 354 69
683 720 40
187 735 1
292 972 61
498 687 67
70 636 33
300 418 88
894 451 47
647 186 11
338 506 98
150 36 34
850 450 96
267 341 13
840 863 75
139 802 76
813 572 41
551 902 21
317 999 54
16 276 100
578 512 99
649 864 19
270 82 16
218 735 79
111 167 62
666 776 42
629 496 1
566 287 95
500 309 12
353 688 83
60 125 67
759 806 47
178 611 31
145 836 73
4 321 23
177 989 10
180 946 100
78 574 2
594 983 92
577 28 54
589 28 18
550 968 56
22 606 69
663 168 97
246 149 7
627 590 18
640 900 86
243 138 26
874 990 94
564 846 16
304 950 46
132 631 13
384 137 62
620 270 37
17 589 16
975 48 17
924 400 27
259 328 64
443 332 72
940 824 68
482 192 15
25 500 73
170 389 6
564 836 38
56 643 48
986 202 58
960 577 75
351 3 7
783 58 2
451 539 79
787 431 35
506 259 34
398 161 96
411 595 6
907 372 59
764 412 23
396 972 8
790 84 57
163 865 31
889 309 100
968 255 19
179 194 69
499 643 4
39 800 65
494 779 34
662 487 68
887 660 53
758 732 47
96 643 72
304 28 28
975 872 12
356 574 18
175 126 78
267 931 38
955 170 81
574 587 19
197 431 5
962 355 82
705 830 54
458 870 48
369 856 95
581 408 70
13 712 94
88 314 24
446 517 76
331 14 43
373 217 40
513 796 76
768 772 19
281 699 44
720 514 31
0 415 64
539 729 50
63 982 80
225 882 8
717 940 35
714 911 95
131 16 22
805 290 68
48 733 20
289 587 14
885 670 93
13 881 85
114 701 1
672 234 60
602 312 79
754 570 64
118 831 55
685 683 90
189 721 8
84 610 50
862 617 54
557 463 99
40 515 3
213 262 44
898 28 100
207 580 82
977 134 19
432 521 96
74 914 24
85 456 96
535 421 84
289 76 1
189 556 8
432 650 31
965 550 99
384 358 6
906 998 23
14 116 89
422 620 29
854 300 4
67 376 58
130 772 24
495 562 3
163 683 79
833 874 58
585 969 91
371 135 26
99 937 84
658 996 99
501 619 69
24 32 62
149 673 50
255 433 95
568 547 58
671 79 94
191 830 37
922 167 18
375 673 87
377 542 71
392 640 63
124 804 64
456 61 63
102 544 62
298 106 62
411 672 73
321 396 49
208 141 35
802 981 83
138 954 77
407 43 20
828 887 7
671 917 23
339 713 19
496 778 83
881 742 60
20 113 62
63 945 76
301 655 37
602 460 37
403 641 45
54 982 8
984 123 68
94 446 84
368 233 13
657 817 57
741 177 55
543 968 55
726 867 35
684 485 9
505 114 10
136 819 3
568 113 97
265 510 71
260 542 56
440 238 40
359 976 70
927 526 27
644 725 20
980 919 7
420 249 57
833 469 2
544 179 24
489 861 62
355 937 34
747 731 83
69 465 22
647 108 13
500 241 87
983 356 15
105 191 35
698 219 46
653 520 79
693 968 89
249 15 71
971 197 71
272 548 18
568 397 32
634 93 36
900 266 70
182 361 56
421 979 55
385 722 16
9 393 82
702 321 71
966 987 69
679 352 79
738 781 4
397 450 64
77 940 49
212 391 41
405 794 72
75 262 94
820 242 25
22 286 76
9 610 85
374 652 12
608 836 4
655 844 21
174 896 5
646 29 93
181 201 31
192 518 98
401 424 87
38 673 89
652 744 56
662 211 41
899 825 75
795 368 58
577 898 90
496 162 47
770 273 7
123 988 77
897 437 66
427 829 100
200 820 8
420 932 8
264 279 87
626 214 11
456 288 61
327 485 21
728 348 36
269 144 39
816 544 89
985 778 57
101 486 78
765 296 30
592 35 87
733 411 27
821 479 8
712 633 13
529 775 10
352 234 99
173 132 29
424 479 40
97 568 7
873 264 36
950 968 35
723 395 26
331 176 35
524 23 62
246 603 97
742 253 50
980 610 79
946 689 45
907 287 46
483 871 55
537 127 82
280 206 31
577 159 71
516 93 42
405 379 62
946 764 5
60 372 57
107 162 38
288 573 7
27 895 62
697 220 22
408 886 76
601 330 42
259 1 40
519 7 9
478 267 29
940 813 64
740 835 31
771 32 64
747 503 78
167 38 65
291 994 64
728 958 48
138 819 99
294 556 16
166 781 67
980 325 96
102 49 43
408 695 96
407 339 1
367 749 89
389 420 32
553 231 52
924 683 78
111 278 44
183 9 46
207 75 21
609 219 67
670 414 61
898 403 23
489 38 1
877 906 81
325 512 51
60 843 83
345 509 89
565 498 26
17 962 53
236 542 50
539 534 84
519 758 60
179 305 20
117 33 64
735 558 27
46 330 56
93 868 63
128 95 59
680 81 81
878 392 56
56 219 84
165 523 52
944 150 83
461 143 61
218 819 81
934 392 91
91 191 13
285 486 89
844 657 75
752 45 33
464 786 73
417 415 8
306 751 71
847 206 17
551 879 29
419 255 2
723 7 64
413 124 27
524 983 72
478 163 74
152 346 48
118 294 7
979 789 45
54 13 71
361 700 42
795 426 69
284 700 76
793 340 9
426 119 46
210 635 22
718 477 22
97 346 9
980 810 4
142 702 43
513 106 61
112 343 100
488 669 39
793 159 33
635 524 38
312 900 46
518 627 34
202 557 53
429 190 33
301 547 84
979 467 50
317 990 65
735 468 19
488 714 78
600 44 2
342 293 37
422 444 75
626 390 48
975 52 64
191 247 28
487 51 38
965 249 13
675 377 46
866 91 33
878 413 97
601 594 48
622 507 37
496 899 70
676 881 33
217 77 98
187 495 8
88 270 92
59 221 30
255 412 88
126 650 70
884 350 35
589 807 70
717 263 61
3 819 27
858 89 46
470 913 84
765 838 87
116 111 78
321 876 97
915 234 40
170 281 57
502 44 18
22 483 53
545 774 42
674 483 1
514 607 83
945 651 9
560 155 23
42 631 75
592 611 80
416 280 31
925 360 44
555 146 97
390 599 97
919 667 29
390 875 55
606 640 41
615 121 58
873 629 83
56 559 33
681 659 9
984 933 47
294 839 49
45 783 66
213 173 46
948 100 57
90 690 82
705 10 20
158 510 85
432 139 51
256 330 5
467 939 14
318 432 71
440 10 26
241 798 32
560 142 9
199 648 23
321 318 78
883 483 32
130 730 96
27 303 38
289 652 48
529 583 16
271 574 97
90 302 7
385 898 33
924 987 97
238 427 85
967 359 77
820 483 66
837 632 18
108 234 50
512 776 63
727 678 67
759 786 44
684 403 40
440 106 58
472 612 59
996 618 47
173 747 1
218 759 50
333 285 25
44 646 77
685 745 42
828 219 31
10 6 81
228 444 23
690 476 90
766 537 35
548 873 70
330 428 66
281 83 39
278 69 2
444 289 35
763 76 66
632 754 53
698 273 30
763 504 41
357 429 27
765 101 46
665 328 41
44 287 51
559 396 47
297 11 64
838 816 44
153 473 35
491 851 48
583 737 34
306 308 78
932 533 54
148 894 71
926 657 66
364 79 38
486 551 22
745 27 36
309 958 76
424 868 30
645 10 79
821 745 32
653 870 7
770 386 93
415 724 87
545 889 62
722 180 34
270 117 76
900 661 68
80 322 11
612 344 62
46 735 74
575 589 42
302 199 59
50 981 76
582 21 37
982 682 90
645 548 24
21 53 7
439 758 54
128 659 41
461 687 100
641 324 14
151 94 49
955 796 89
982 802 75
847 407 47
809 816 57
392 230 9
108 637 23
624 376 91
255 441 55
7 682 98
199 608 57
452 512 87
776 224 25
149 947 89
213 358 9
185 200 42
119 667 79
277 469 60
181 791 38
119 981 38
323 925 26
147 670 26
66 917 44
399 958 5
356 388 74
435 847 31
386 198 87
498 453 39
377 55 23
616 831 98
361 785 85
399 623 84
915 643 87
442 36 33
582 994 80
598 721 29
925 662 62
416 119 74
704 288 94
698 489 41
235 604 47
35 795 11
332 668 46
514 764 16
514 555 47
100 416 1
586 953 79
782 422 52
895 307 54
806 6 34
530 964 21
915 468 36
303 241 98
337 253 46
666 440 43
980 6 89
827 9 76
184 33 41
806 318 39
744 142 7
343 159 38
181 563 22
426 645 41
573 914 86
176 139 15
840 687 78
171 422 93
701 531 83
370 991 82
220 313 66
563 206 51
159 402 4
420 709 54
620 789 73
727 735 18
573 489 83
105 69 62
172 889 91
535 399 61
267 253 91
53 499 57
491 184 69
386 601 46
400 710 53
433 677 5
254 948 26
506 106 29
709 328 25
76 659 83
167 392 96
731 651 70
938 714 37
640 575 78
181 608 97
844 357 42
777 833 72
717 804 63
829 255 17
936 643 60
539 112 52
685 188 5
965 508 100
685 241 68
760 758 86
860 818 29
512 713 61
606 170 22
907 76 94
955 535 86
797 225 17
614 110 17
809 138 15
296 752 92
258 204 19
387 689 26
106 413 25
365 501 91
702 762 49
365 224 28
529 151 27
827 469 92
828 721 28
682 375 14
87 587 73
97 182 52
915 100 70
727 798 29
493 563 90
366 8 5
834 888 40
61 25 20
614 656 47
303 386 37
32 5 7
454 54 77
515 669 94
911 629 48
9 198 64
267 433 29
248 665 82
954 413 38
235 247 68
412 251 80
573 752 61
269 415 15
776 177 54
627 616 61
295 396 18
357 891 36
719 516 47
156 895 97
909 461 89
889 276 44
43 369 5
933 581 51
832 930 40
374 117 100
52 609 33
175 226 68
667 388 75
766 516 84
884 304 43
31 708 52
840 886 35
820 844 46
713 271 88
947 378 34
131 970 30
544 610 16
40 961 93
340 328 35
129 995 11
203 818 30
67 508 54
180 881 51
296 19 54
111 250 1
121 954 11
580 626 1
219 976 29
750 461 53
211 373 65
982 715 9
629 176 97
260 866 95
359 900 98
994 752 10
947 494 69
226 595 67
957 158 30
903 117 72
207 760 69
729 83 84
846 1 93
200 120 32
543 655 17
809 559 28
924 86 5
464 736 18
13 345 53
236 590 80
148 60 74
524 915 73
120 807 88
362 587 98
663 718 17
243 509 56
569 943 100
347 831 48
24 315 38
476 420 33
768 197 17
756 980 52
848 17 94
117 895 82
589 947 6
256 453 76
181 470 97
372 150 98
331 937 37
579 19 23
72 588 30
812 125 89
687 731 47
60 233 55
637 744 8
877 353 73
623 670 69
120 655 8
925 62 97
961 925 35
222 591 22
606 851 30
519 140 53
38 438 43
892 361 30
932 468 38
949 248 1
621 586 44
866 352 100
596 785 65
650 455 71
166 952 14
828 710 79
947 863 71
400 117 10
822 584 29
697 554 20
87 537 40
424 531 80
247 42 95
140 840 4
724 856 86
539 577 76
970 547 35
197 737 25
770 218 55
860 841 2
163 980 75
290 257 38
45 895 41
728 116 25
721 596 7
471 846 19
827 951 95
221 605 83
785 470 75
142 68 56
83 392 74
323 566 54
581 353 11
238 895 6
338 522 9
120 999 52
241 650 89
477 447 30
628 977 97
245 28 22
817 828 34
70 944 50
642 5 88
502 367 45
397 363 12
520 400 88
146 712 94
339 260 42
245 294 56
970 400 80
91 760 13
119 709 80
819 382 27
791 494 10
486 689 65
330 365 63
375 15 5
558 678 43
421 427 35
390 558 82
198 412 30
550 363 26
506 803 31
231 977 30
479 984 7
846 95 79
999 221 77
293 433 98
475 399 80
194 876 38
181 838 92
372 789 47
472 867 93
841 84 21
731 391 95
643 256 64
985 467 14
620 540 65
269 693 72
25 151 68
876 94 32
40 617 20
151 605 82
852 423 88
681 814 98
915 894 60
205 620 2
845 168 80
187 728 89
381 243 19
960 309 22
510 514 13
486 177 88
750 490 46
63 11 95
107 546 76
964 371 92
573 616 17
999 62 58
783 10 55
660 717 8
872 109 93
345 322 6
942 602 58
913 690 20
646 161 46
383 803 36
544 703 2
667 312 36
2 541 87
890 164 4
902 774 13
245 921 64
74 978 15
468 270 60
222 613 85
116 670 32
717 297 47
821 733 56
169 703 19
887 24 59
451 143 42
764 798 34
276 42 89
113 945 17
637 475 98
763 813 95
148 431 88
640 64 54
901 758 12
488 474 62
243 876 79
87 650 48
857 328 79
988 899 59
407 210 100
335 596 16
592 963 14
154 364 65
738 798 2
566 558 90
542 957 52
406 3 46
637 367 82
603 290 87
172 966 29
214 719 73
447 315 87
527 451 93
520 914 94
746 681 99
866 974 32
408 561 51
100 701 23
500 18 6
563 555 62
313 778 43
329 348 20
278 548 99
296 654 30
656 764 12
944 476 81
493 412 94
966 953 66
663 825 28
450 234 77
931 860 20
467 960 52
575 307 97
674 63 60
955 109 16
115 87 19
702 77 58
349 915 33
183 83 29
545 81 51
108 730 90
526 755 38
255 836 51
282 702 37
392 825 60
666 89 95
151 69 21
827 952 52
168 60 6
926 293 67
731 669 35
770 817 96
985 103 31
61 70 40
119 369 9
730 483 48
636 941 37
709 567 54
709 895 13
736 333 96
561 37 81
114 720 30
151 560 79
434 134 86
354 915 28
91 707 80
686 581 34
359 209 80
423 747 86
97 615 62
150 890 54
761 564 18
170 680 69
951 781 85
695 577 85
862 334 94
414 619 15
331 700 82
58 293 75
54 532 53
273 231 5
252 411 19
645 407 100
318 430 54
234 928 22
12 435 29
332 551 5
274 732 71
329 267 88
309 583 9
485 449 82
657 567 100
459 904 14
568 89 54
479 927 3
747 959 76
815 892 70
872 994 42
271 53 97
93 920 86
693 631 86
305 248 85
267 588 10
695 830 83
214 271 53
327 158 14
863 367 19
402 803 24
552 689 34
190 862 16
128 639 96
438 279 26
293 220 79
797 820 34
127 857 80
971 169 51
513 987 29
893 401 89
371 612 52
482 660 1
215 897 83
18 745 29
677 294 77
61 265 24
915 73 26
782 390 10
696 247 2
868 367 99
116 678 12
688 619 8
32 33 74
693 395 87
357 650 94
43 24 13
678 599 67
76 350 46
759 267 27
643 246 98
286 362 7
812 141 65
427 210 92
765 110 39
311 238 45
918 989 35
557 752 77
357 91 14
871 360 59
281 823 11
82 136 52
954 761 56
277 470 52
690 797 40
784 735 53
52 950 6
511 973 81
462 174 30
812 863 37
727 860 50
605 910 40
777 144 21
815 857 15
409 202 88
487 213 32
603 352 1
663 977 64
711 798 78
404 339 29
835 824 83
149 483 45
582 169 66
871 326 73
171 149 93
486 131 7
189 471 53
943 492 56
10 691 67
280 58 22
840 113 97
706 216 73
696 783 66
68 12 19
992 57 93
126 315 45
643 48 51
562 262 37
368 549 69
308 32 3
955 366 65
874 552 58
719 563 68
748 637 89
834 461 33
92 236 33
739 663 100
271 627 13
51 940 95
260 144 35
187 251 98
494 457 81
796 221 17
108 577 49
946 560 81
233 203 33
832 662 24
482 658 28
25 475 9
720 953 37
409 625 77
119 605 32
468 453 16
528 915 15
535 634 10
429 503 21
762 18 34
954 866 74
974 992 44
892 415 69
749 569 6
537 242 72
308 563 34
71 541 73
825 700 33
32 106 1
585 790 21
713 407 77
529 500 24
622 726 61
311 554 7
127 647 76
221 467 47
519 235 25
841 127 38
266 289 5
127 302 52
160 9 67
585 224 5
339 201 21
140 382 59
911 775 84
490 506 74
890 906 9
80 939 58
821 335 34
997 728 67
724 745 95
106 757 69
777 731 4
584 198 100
487 593 81
901 327 29
730 511 46
793 280 99
316 968 14
16 465 42
713 389 81
759 566 6
569 408 78
605 34 77
433 758 52
786 31 30
745 368 73
838 440 47
612 78 64
770 455 52
330 192 100
646 324 63
450 488 24
715 414 16
786 948 61
226 765 66
497 136 93
58 991 67
694 289 65
919 169 80
124 504 4
831 66 98
591 540 11
751 187 17
570 834 43
802 631 39
171 393 23
949 612 99
132 547 41
435 887 52
220 463 8
568 945 79
434 288 31
379 17 29
392 9 52
723 958 70
163 994 59
671 566 51
742 296 7
386 485 77
487 548 87
866 609 74
136 524 76
945 7 46
331 869 92
234 310 10
754 938 72
374 701 31
680 233 49
747 886 23
231 415 12
503 866 97
553 689 72
753 564 50
35 83 54
766 799 41
951 562 24
427 232 56
370 315 43
760 332 86
99 228 44
41 950 85
964 837 60
940 671 67
551 56 84
6 378 94
538 511 99
888 731 26
657 148 55
793 915 84
680 825 38
934 80 2
630 554 89
525 672 5
8 311 8
982 106 25
95 716 22
898 771 37
64 932 100
909 768 6
90 12 55
99 905 79
480 960 30
795 714 54
55 999 74
295 339 35
516 859 63
442 231 2
774 625 78
260 317 8
137 458 41
161 769 32
26 323 93
301 328 66
879 31 86
624 943 15
708 105 74
773 542 52
882 213 79
222 662 42
935 304 46
341 586 100
69 90 70
550 179 74
67 269 26
304 921 17
517 670 84
327 897 77
521 168 48
910 129 83
575 151 11
466 763 94
218 102 36
854 101 67
519 80 67
678 102 77
627 989 1
436 762 73
869 471 8
408 853 4
450 322 5
27 17 30
156 291 2
878 681 45
166 47 6
405 993 51
601 231 1
841 420 23
630 464 60
853 800 68
341 945 45
874 930 56
376 523 5
583 767 55
257 956 14
781 612 93
908 639 39
6 568 25
285 396 84
602 161 69
517 197 48
635 380 79
12 616 37
490 362 61
996 755 15
726 469 69
566 554 36
70 745 84
289 528 23
893 733 84
594 163 47
155 551 39
662 481 46
75 633 78
175 802 89
65 432 95
578 553 61
35 86 4
687 572 66
75 812 83
839 631 91
442 397 93
344 949 60
888 987 95
681 89 44
626 318 97
135 549 90
8 445 3
716 6 95
187 376 13
994 118 16
890 437 29
153 392 12
773 353 40
729 803 80
417 25 13
92 392 84
969 398 72
850 899 60
270 576 18
645 795 82
14 360 68
535 667 48
864 591 98
937 194 25
512 536 14
614 3 22
680 673 92
84 80 92
219 497 33
500 703 57
161 889 91
613 179 46
598 289 100
741 182 19
925 790 3
278 517 39
171 556 18
155 384 80
586 595 47
351 788 91
179 342 98
322 633 93
666 490 6
143 685 30
192 786 32
509 914 78
146 668 91
990 975 20
98 355 42
576 103 90
66 102 16
906 131 28
107 855 1
761 92 69
642 90 47
828 809 37
839 339 55
893 57 73
630 896 16
293 462 68
387 344 98
564 189 49
512 248 54
27 161 37
895 192 48
505 264 56
539 518 81
395 724 61
303 932 78
858 321 90
551 355 58
226 335 46
459 5 43
319 486 29
656 379 51
787 679 91
167 797 82
881 763 23
681 351 38
623 469 70
941 474 63
538 386 21
966 383 49
36 428 31
712 190 63
356 969 67
134 868 44
732 834 54
362 78 32
175 466 30
462 754 45
236 807 53
397 797 95
652 891 43
707 286 61
293 203 61
808 245 78
32 599 46
15 72 28
987 657 40
623 674 85
175 597 93
429 103 56
391 305 92
14 474 18
766 948 86
663 276 84
827 923 67
39 733 41
836 265 100
579 197 8
9 239 99
447 965 41
901 471 54
181 888 29
769 424 52
672 266 18
595 566 93
768 489 85
910 225 72
647 85 51
706 280 57
246 730 69
579 440 47
190 622 81
223 644 79
647 141 96
911 414 50
789 21 33
414 798 94
998 647 56
978 272 91
26 266 87
23 910 28
61 940 33
212 400 98
760 673 44
923 558 11
571 834 93
817 708 74
868 470 15
815 192 29
99 684 83
634 583 54
275 432 21
325 700 26
205 148 12
851 790 63
912 837 10
386 543 5
483 565 4
884 810 92
506 339 20
97 264 3
929 284 47
575 700 46
874 830 46
490 805 60
479 986 63
94 623 70
323 91 98
727 162 34
138 312 18
654 791 17
563 480 21
837 595 64
662 317 48
164 622 63
14 62 3
546 359 36
23 56 63
649 887 4
562 620 35
688 949 50
463 102 100
885 347 87
37 313 17
493 947 46
673 168 95
646 752 92
236 309 24
262 577 12
115 260 75
948 689 74
429 621 36
503 845 98
187 757 67
123 720 42
261 170 79
760 625 63
312 41 57
188 184 92
253 236 32
991 335 100
545 85 84
713 423 96
893 360 81
693 541 33
953 16 3
514 945 72
363 580 75
527 436 5
625 371 41
481 271 21
653 251 85
898 602 50
680 745 55
878 293 51
842 729 9
163 809 20
173 703 29
376 274 63
735 341 34
706 87 6
485 338 83
449 602 77
102 918 58
105 605 32
104 336 94
685 352 47
842 84 77
238 196 47
69 638 47
671 719 69
151 676 60
442 89 59
707 943 8
269 541 8
747 372 55
48 79 38
212 223 80
359 982 67
521 490 61
446 914 56
161 667 85
984 155 19
478 165 21
911 867 95
275 336 2
311 403 35
393 13 98
574 753 8
433 463 52
209 64 51
414 141 34
2 495 97
962 640 10
451 966 97
906 683 5
490 810 31
423 595 80
81 385 60
634 761 96
604 352 55
63 518 62
478 1 16
211 117 9
937 817 87
352 775 72
896 265 2
469 119 93
33 66 51
386 782 43
901 775 35
737 191 1
669 261 44
640 146 21
653 165 96
466 169 8
285 549 56
927 357 79
365 654 10
337 678 42
976 125 97
577 453 3
686 436 64
856 536 59
226 609 56
163 81 69
896 566 91
529 649 92
814 701 38
737 838 19
886 398 68
959 697 54
993 82 90
851 868 85
991 872 9
707 802 81
856 663 69
881 689 75
622 150 45
594 34 67
910 581 47
985 353 14
240 904 22
306 133 10
21 27 64
761 15 50
536 921 31
548 596 49
599 521 64
975 460 78
184 4 39
779 774 30
529 345 67
445 258 90
78 869 41
275 809 70
164 784 12
378 692 74
928 748 13
166 734 10
289 242 13
515 133 24
630 636 4
496 782 69
591 324 9
321 611 84
619 872 100
691 789 36
35 531 90
891 639 85
376 839 87
613 337 61
180 250 91
316 651 96
765 510 19
790 631 60
441 530 29
199 944 48
548 363 95
919 195 5
849 355 69
134 537 28
652 938 68
548 169 51
790 528 87
666 640 37
679 824 47
386 373 18
230 607 54
387 349 48
208 556 15
492 764 55
950 414 77
873 710 45
717 21 71
744 285 25
724 873 100
739 718 71
693 182 86
880 472 16
136 368 84
469 909 36
719 814 32
219 545 74
664 23 6
143 537 61
319 932 77
122 769 83
870 374 78
279 399 18
61 375 100
847 769 31
799 463 57
199 65 64
276 643 50
504 860 75
626 702 56
731 165 51
483 311 53
970 32 100
786 851 1
723 927 7
556 979 85
752 681 7
25 276 57
334 571 80
911 599 6
124 490 41
130 750 68
55 250 91
971 550 48
141 985 7
834 371 17
217 487 17
560 240 19
399 678 63
12 86 43
509 270 65
67 391 77
650 79 23
911 594 73
44 377 21
935 793 51
968 3 60
205 480 71
864 736 98
173 252 10
482 338 71
577 512 60
420 203 18
208 376 96
589 390 95
797 608 97
612 622 96
992 373 82
751 55 14
135 232 62
791 809 47
729 748 36
766 257 9
782 575 39
472 210 62
646 803 4
456 906 12
526 583 5
379 521 59
143 842 56
262 851 68
165 587 20
692 622 81
885 634 100
961 501 96
464 945 83
883 434 81
927 269 31
127 317 67
103 692 95
476 432 38
882 176 42
936 22 7
672 321 53
763 455 24
985 557 3
57 186 80
619 313 14
179 583 26
727 461 44
875 980 96
955 79 96
903 268 91
533 178 93
492 477 66
541 888 91
946 370 75
109 786 15
291 961 38
335 816 41
136 910 24
769 22 3
506 477 12
375 332 53
551 686 52
976 658 12
252 744 86
206 714 44
848 990 78
847 151 1
839 507 65
688 333 30
695 631 41
136 476 51
60 638 7
114 965 63
425 973 2
707 107 54
818 720 62
520 596 32
205 141 33
837 792 90
768 387 49
241 812 70
427 16 47
585 835 10
706 331 24
745 436 87
960 15 99
266 118 33
571 265 39
602 66 85
996 956 18
769 66 45
441 528 8
230 555 60
474 73 22
849 507 66
951 699 49
868 550 35
638 345 80
565 699 60
301 472 81
742 456 18
52 961 82
699 324 57
731 357 24
300 960 64
789 217 11
584 63 70
722 742 94
160 827 28
380 468 42
904 249 47
276 977 25
670 867 93
94 873 94
847 429 62
178 142 74
127 352 71
520 876 32
497 492 78
284 966 62
394 658 93
10 901 66
83 224 34
238 463 95
966 269 54
609 404 8
572 920 50
238 833 13
367 115 5
873 671 10
700 317 12
299 673 20
755 264 69
689 425 33
159 499 39
632 943 92
649 711 65
840 743 93
877 659 10
79 478 75
447 443 96
830 609 51
314 261 53
369 688 12
390 360 61
773 579 3
453 867 26
938 867 13
587 945 83
773 878 41
239 735 65
457 621 87
259 994 36
622 423 56
443 294 49
494 631 57
115 166 60
800 354 17
500 933 68
229 992 71
490 116 57
678 604 89
456 698 38
631 321 17
660 603 38
345 435 27
663 93 51
489 497 36
542 301 85
697 275 58
671 493 26
92 725 2
944 152 70
829 807 74
367 639 58
252 486 74
91 520 89
475 889 47
518 232 41
213 998 96
120 80 32
147 16 6
840 356 24
648 720 54
114 577 99
453 124 40
933 22 22
860 331 52
272 18 5
995 584 69
174 511 47
55 595 33
969 557 69
313 979 21
613 700 77
885 413 1
446 731 1
304 324 23
736 671 16
24 661 5
406 214 82
370 169 95
633 783 11
518 486 31
361 781 77
327 211 47
45 708 31
377 573 64
332 710 14
941 553 90
319 938 59
255 690 40
668 188 20
174 918 27
752 262 62
627 309 2
738 568 6
123 865 25
734 358 62
852 481 5
203 468 17
414 817 21
630 890 49
258 471 72
873 907 30
357 298 14
783 256 58
895 681 72
427 789 70
114 791 57
333 101 9
546 193 9
797 175 13
199 852 12
359 439 41
823 670 89
997 256 9
478 648 88
334 303 72
987 979 80
186 54 16
831 157 87
466 44 13
149 421 76
706 143 1
474 317 93
938 666 54
935 398 1
743 501 92
195 154 88
720 528 16
970 514 15
62 137 60
357 265 31
399 657 41
312 974 60
142 249 83
239 499 27
995 714 52
699 88 29
464 309 33
555 648 97
851 954 12
851 712 49
408 619 22
549 362 56
701 464 38
157 225 28
159 211 98
688 3 95
54 413 97
0 811 7
99 893 6
83 971 72
853 697 30
682 936 41
221 830 30
371 608 87
323 995 97
207 361 54
686 363 54
106 723 5
713 666 68
291 485 23
311 949 54
196 797 45
814 672 78
933 502 22
866 763 58
890 708 6
835 799 63
564 416 64
833 710 11
383 796 76
558 115 47
158 390 38
346 230 24
279 853 21
903 517 17
764 850 49
300 795 24
32 14 75
171 745 42
98 753 89
955 301 69
592 541 95
426 335 11
90 74 22
379 181 31
781 436 70
455 806 88
921 289 45
539 118 79
491 168 4
570 426 37
351 152 29
423 767 53
750 535 6
560 815 30
315 827 46
807 59 88
112 277 62
703 110 11
561 874 39
789 914 96
592 681 100
842 441 16
697 640 65
695 242 56
100 34 21
42 318 35
351 9 48
191 169 9
612 319 45
162 830 71
146 212 33
80 688 1
908 551 62
822 554 46
739 862 45
239 28 97
607 857 55
296 303 76
593 120 39
115 979 18
15 469 84
87 547 41
507 846 27
611 299 91
466 661 82
366 784 50
478 589 93
915 29 82
72 948 10
741 30 94
894 871 92
939 144 8
479 625 95
175 118 40
338 197 95
508 90 59
616 857 13
481 657 70
663 832 66
664 233 7
675 342 14
275 791 33
270 805 67
36 887 73
157 551 24
565 525 46
833 203 88
237 764 73
714 598 9
288 902 2
616 836 93
172 269 67
414 824 54
783 594 46
34 13 11
607 794 5
454 549 19
281 341 30
167 275 44
830 589 91
220 788 65
437 431 28
201 595 3
39 653 15
841 26 19
793 330 52
882 749 24
943 458 80
339 887 10
904 424 43
553 606 12
765 795 32
911 990 46
743 459 46
910 151 99
453 323 86
544 727 34
468 975 37
236 958 14
406 97 50
85 954 13
187 506 62
493 368 88
905 606 39
602 713 16
253 732 47
761 697 38
318 137 14
141 619 69
166 82 79
336 425 23
220 590 99
322 26 45
570 317 85
895 972 87
637 397 25
561 512 73
164 464 87
271 605 76
484 223 31
51 426 95
300 168 59
352 151 43
76 106 25
780 856 73
124 940 13
188 824 76
663 445 36
618 257 32
126 532 41
695 699 24
704 303 95
309 472 66
709 535 38
476 682 57
533 17 28
872 589 97
438 692 61
667 478 36
4 356 3
204 50 35
497 147 83
31 68 99
465 389 82
588 256 35
673 29 47
555 276 2
585 396 9
419 486 88
964 542 68
828 88 28
15 20 52
682 757 94
328 243 38
921 694 91
153 236 24
822 419 58
804 655 54
918 444 73
901 699 99
295 226 38
144 721 31
495 910 90
886 802 21
565 245 44
226 24 4
482 38 14
541 651 96
379 471 5
428 422 27
269 104 21
613 184 7
677 47 58
6 35 88
574 927 83
528 893 72
959 252 36
180 537 32
154 345 90
648 382 7
699 504 53
677 222 69
900 267 42
203 189 39
589 693 50
481 927 91
79 201 55
910 420 36
722 625 6
629 8 85
134 277 11
788 57 71
75 999 96
21 848 94
664 459 75
147 366 23
145 580 16
677 250 39
305 494 61
820 640 13
945 99 36
414 567 18
467 706 12
774 31 55
286 174 26
241 967 8
987 199 99
942 11 44
551 392 86
434 351 4
911 669 12
476 160 24
694 308 47
643 485 17
261 185 37
357 800 20
432 692 39
986 279 23
279 667 9
992 198 30
691 559 72
289 451 22
930 258 80
992 706 80
514 195 18
274 704 39
493 102 69
334 944 2
661 122 30
20 73 71
110 249 38
783 595 97
196 916 41
253 306 14
648 482 66
249 542 30
475 554 53
925 963 41
136 814 67
934 763 72
943 898 71
628 259 33
143 445 20
75 444 67
391 572 36
169 639 25
330 846 34
984 166 87
119 440 9
375 624 10
228 487 59
820 934 85
166 793 100
605 595 65
124 700 91
788 771 81
735 482 8
114 490 38
434 379 98
144 714 37
990 891 81
676 517 9
534 970 89
300 49 34
769 712 64
245 720 28
222 236 19
395 262 57
281 296 8
997 3 68
307 77 13
137 804 50
612 600 44
908 629 74
224 520 76
872 114 13
427 981 41
442 214 68
982 641 27
338 597 92
535 741 30
462 627 48
365 717 65
581 766 67
434 53 50
402 954 10
279 453 84
779 200 65
593 9 21
521 253 46
78 966 10
219 382 48
97 378 78
406 906 30
877 736 13
608 996 36
293 96 44
747 992 73
626 178 78
69 85 36
242 125 24
530 215 17
100 263 47
771 354 54
577 930 6
27 974 46
152 223 35
712 812 19
323 545 96
412 759 56
893 948 46
253 783 60
107 599 83
662 39 54
232 383 64
875 863 16
828 885 58
738 471 26
611 902 28
778 751 30
283 396 2
983 367 87
839 765 71
679 76 82
567 873 12
574 98 65
761 623 32
352 856 16
876 131 77
636 388 75
481 535 33
118 811 61
455 183 55
4 623 82
357 255 67
55 941 60
436 989 53
375 893 90
789 508 88
558 832 45
26 978 78
328 224 52
217 668 87
633 81 96
376 906 52
17 229 16
581 854 66
102 765 64
272 313 32
548 254 96
365 220 87
274 384 3
33 846 82
399 806 13
371 128 56
167 417 3
227 108 90
919 175 61
614 208 9
664 803 83
882 68 89
87 103 19
644 579 22
595 485 32
353 533 82
490 283 23
200 34 90
253 824 62
597 114 48
213 276 64
11 7 31
970 277 82
370 900 30
302 539 23
854 908 12
447 546 14
469 810 49
326 489 64
268 19 16
821 263 9
189 999 74
731 321 52
297 653 92
403 845 29
774 200 61
483 853 88
787 217 89
437 839 78
574 477 62
410 463 85
495 671 52
328 391 43
598 54 31
454 903 92
421 368 69
702 104 36
568 632 18
452 11 13
433 165 12
63 575 57
80 285 78
521 523 71
54 374 53
492 334 28
498 892 94
462 608 45
676 668 18
649 803 11
965 870 5
187 107 94
305 131 17
301 288 99
439 310 41
791 291 82
780 168 42
840 188 80
50 610 93
770 689 73
37 979 32
193 767 89
20 900 50
687 725 8
25 570 36
602 579 79
972 167 14
369 699 59
433 154 28
570 623 89
311 543 60
728 616 39
299 842 81
470 14 60
579 521 4
856 413 89
737 766 11
452 380 66
650 994 19
263 942 23
814 36 70
964 49 29
8 880 80
82 492 62
423 559 77
148 335 23
247 35 85
51 317 89
678 54 93
840 230 52
359 191 45
633 325 78
371 376 88
756 983 93
723 104 99
915 806 100
196 423 8
263 518 83
958 465 68
314 523 74
357 678 75
444 193 11
708 521 70
803 90 38
993 496 47
895 782 5
276 868 36
622 206 85
958 942 85
449 898 28
883 499 15
758 988 75
559 501 11
73 28 83
300 577 35
182 742 59
827 594 60
648 408 74
643 906 36
388 923 49
875 235 99
696 287 99
696 977 100
308 671 56
506 467 34
362 661 82
969 109 50
820 309 19
502 106 2
994 979 48
663 912 12
199 114 60
3 839 24
712 668 89
346 525 9
233 790 37
151 723 48
93 523 79
928 644 54
590 75 59
81 259 50
990 66 96
640 364 7
271 255 13
499 922 1
649 678 50
253 909 48
435 142 5
503 793 33
723 438 94
206 952 10
133 632 18
343 67 41
875 380 50
794 605 84
496 289 46
157 2 81
46 363 85
184 240 85
548 79 39
617 727 3
79 303 98
284 223 68
907 822 98
113 122 40
283 325 61
299 453 60
174 323 20
226 52 43
215 179 44
693 932 56
75 806 14
189 569 14
695 677 17
601 925 52
4 808 80
851 858 18
896 808 12
208 21 37
756 305 24
655 459 80
940 796 5
756 139 41
287 517 84
426 102 17
175 488 39
798 871 90
564 216 95
821 494 22
44 229 49
313 328 76
877 578 4
114 155 89
395 32 9
85 906 58
246 794 88
428 310 36
633 721 9
830 20 23
655 559 98
335 153 11
236 952 91
579 221 86
278 242 37
58 333 47
314 966 45
843 37 68
917 296 57
296 272 66
885 985 42
698 544 13
629 61 66
501 450 98
349 937 60
114 34 81
213 699 82
653 180 32
354 927 55
661 879 78
883 791 51
664 261 50
197 229 99
760 563 35
492 605 58
209 785 85
146 88 23
137 809 58
866 26 99
990 63 14
228 610 14
338 242 71
602 472 36
218 679 25
717 788 98
590 203 12
952 40 12
5 813 40
136 7 51
777 571 48
417 897 6
685 998 85
557 971 18
693 912 75
364 709 16
45 165 2
88 273 5
142 126 41
997 779 32
803 401 43
775 331 81
992 571 68
470 863 1
448 14 66
535 27 34
367 954 12
19 493 41
232 278 71
354 840 9
197 690 74
426 966 43
792 27 71
790 324 90
58 618 65
637 2 88
327 594 88
293 450 89
331 900 32
220 717 52
133 647 51
21 852 74
853 2 21
675 37 63
407 136 49
339 923 46
956 826 92
268 455 14
652 600 60
282 32 9
21 386 36
257 713 21
834 458 77
994 535 16
914 23 66
890 227 73
425 279 43
270 258 42
876 760 56
166 992 44
65 901 84
734 371 76
763 659 10
161 441 52
815 492 33
525 267 32
834 137 40
466 297 57
18 967 95
401 478 28
86 770 72
839 219 41
339 925 21
901 761 35
693 935 43
438 920 41
178 723 85
141 820 40
252 544 82
897 422 15
190 183 67
709 690 27
73 675 19
223 11 65
908 346 74
486 439 30
393 744 70
874 407 5
600 734 41
539 442 44
122 337 17
151 945 15
634 715 34
440 449 35
448 884 56
479 718 1
381 972 36
568 326 11
244 102 38
898 223 59
492 836 55
626 667 76
214 403 33
997 750 13
981 77 8
92 597 59
928 224 61
454 411 35
93 764 64
24 873 49
413 56 31
478 678 67
632 471 8
514 840 65
36 569 52
527 319 63
181 392 5
148 799 69
374 131 33
38 121 53
559 932 40
187 846 94
959 424 51
149 717 19
535 373 4
353 537 38
784 814 94
392 330 98
125 80 17
22 779 36
858 574 86
833 618 6
86 972 76
117 494 43
543 487 40
195 760 58
136 271 13
584 999 39
291 787 12
152 148 74
570 599 20
553 415 62
63 748 81
359 465 38
743 898 80
909 854 91
949 308 3
589 805 50
785 59 35
389 449 90
296 720 38
503 807 42
66 770 70
547 434 35
442 487 59
201 519 65
86 63 94
815 863 68
920 787 10
847 47 85
182 331 63
173 652 79
282 828 43
678 535 92
574 242 41
516 178 56
788 316 58
245 125 71
975 233 98
276 33 85
754 796 19
814 339 46
79 344 94
428 962 84
312 90 4
971 146 52
524 260 87
878 197 58
631 492 49
823 468 32
120 892 61
712 674 75
682 917 63
282 575 26
119 150 30
914 556 81
872 330 4
736 900 74
852 846 27
454 377 13
740 584 6
287 63 46
778 386 34
304 293 84
704 189 61
651 298 26
935 13 40
579 44 36
296 736 46
712 434 89
844 150 3
531 790 33
90 783 2
740 210 87
592 956 25
966 853 55
314 229 24
838 661 95
482 768 61
866 307 65
115 909 42
631 262 6
494 719 71
514 272 76
842 183 32
220 868 25
544 787 48
777 80 50
172 780 47
917 585 33
284 677 87
346 961 90
752 352 98
253 929 58
406 650 70
731 530 84
647 781 59
238 655 38
830 991 93
517 280 81
895 471 28
424 490 24
700 778 12
354 931 42
622 664 5
542 390 75
321 926 94
339 525 32
611 466 77
774 24 2
855 899 70
379 483 49
720 947 78
675 849 55
656 96 30
565 133 17
291 81 94
209 275 95
9 189 39
382 344 38
564 811 100
148 608 30
82 786 67
607 884 5
424 304 4
213 999 98
38 718 79
451 472 95
995 615 15
386 410 76
669 557 73
351 897 89
844 148 28
305 802 71
986 457 10
204 994 29
947 579 99
449 836 88
223 131 92
230 342 17
861 139 4
757 276 64
581 623 46
8 474 42
767 42 96
430 319 32
912 666 58
13 494 22
833 7 68
460 343 44
512 905 65
644 722 10
161 65 3
481 111 90
211 535 95
969 622 68
280 763 18
330 789 73
470 922 13
811 946 89
406 99 20
545 842 3
102 270 62
902 469 56
793 630 91
571 324 49
550 270 14
561 836 37
733 768 44
161 245 72
319 709 69
895 854 68
299 376 49
213 329 99
500 531 71
26 703 50
292 468 95
419 348 55
281 352 72
134 504 47
509 178 94
763 559 94
232 728 30
329 33 80
459 216 89
675 393 73
761 179 44
657 412 99
176 797 54
810 151 72
612 792 2
766 403 26
186 546 61
323 287 77
838 22 22
433 914 85
217 329 29
9 395 84
316 379 95
951 639 67
322 423 93
973 869 68
411 295 5
487 869 71
77 555 8
928 33 45
482 114 17
137 473 99
104 363 11
841 572 21
556 866 8
494 728 42
131 811 27
525 570 22
256 389 42
870 561 57
266 386 33
35 286 43
160 115 28
254 28 41
396 962 65
316 883 68
786 585 45
85 463 16
956 972 40
94 249 53
504 609 31
742 15 32
151 954 62
471 397 80
852 831 45
761 619 86
579 531 21
323 510 41
329 769 56
592 970 51
115 753 13
443 227 80
164 35 75
498 60 50
470 522 76
83 40 3
432 766 67
806 461 76
576 466 67
552 367 17
185 316 18
165 997 84
66 729 95
643 988 19
320 937 88
636 908 33
51 335 6
29 178 13
117 160 92
445 459 19
953 521 22
72 394 21
683 713 6
675 137 35
46 367 79
776 75 87
434 373 73
364 818 11
68 499 11
870 347 74
583 222 54
100 488 71
852 345 27
978 786 99
932 657 67
851 148 72
997 636 69
87 714 31
369 500 16
707 338 91
596 340 91
339 377 11
575 451 52
136 211 50
700 913 42
985 592 22
834 80 46
771 218 60
915 951 66
292 985 78
822 835 1
827 643 38
937 702 41
227 487 65
483 201 88
839 861 54
668 550 59
891 783 19
963 828 88
323 441 6
550 509 16
478 668 15
800 191 47
926 739 14
712 54 53
382 135 50
900 828 14
789 630 94
671 246 93
189 941 24
713 548 16
534 732 80
108 189 60
669 131 24
391 843 66
580 539 98
497 919 86
792 132 83
860 590 71
555 493 61
871 949 37
411 787 74
766 905 92
409 30 57
140 812 74
931 51 61
781 873 41
832 233 20
161 545 43
252 3 66
988 603 44
707 780 43
698 958 66
250 151 41
495 160 79
491 568 100
406 373 57
519 400 86
31 318 13
726 94 6
614 183 81
720 293 97
696 251 37
68 388 54
378 640 89
140 332 70
837 385 23
126 374 43
94 554 1
129 936 14
250 289 32
765 175 70
923 244 49
981 382 85
807 285 50
980 191 77
842 62 84
534 586 79
21 806 10
10 719 17
315 555 41
367 291 2
25 695 60
767 920 42
923 874 28
104 599 25
318 20 21
81 899 87
203 610 39
920 609 47
457 651 12
754 10 76
853 601 64
674 375 38
316 973 96
778 84 29
658 728 28
817 39 28
564 49 26
483 838 56
918 758 86
242 625 29
530 862 26
682 948 16
568 549 28
919 781 68
468 448 74
959 134 13
991 359 53
562 864 81
817 433 53
365 348 93
638 967 65
15 286 84
205 163 33
428 590 38
946 563 87
685 531 42
277 875 68
728 708 26
783 390 82
40 277 72
654 174 30
750 561 34
591 417 34
931 656 95
920 442 29
125 328 23
175 371 14
945 209 40
224 30 78
406 14 20
457 470 14
982 999 89
116 536 80
583 95 87
877 640 42
360 763 6
401 587 5
322 213 46
680 962 6
52 112 59
481 105 44
212 130 10
218 927 56
875 304 45
41 789 91
195 334 72
963 508 47
273 885 13
529 732 52
183 610 98
681 11 41
23 717 54
579 332 75
531 126 76
492 453 10
409 770 13
94 215 89
345 201 73
317 354 61
240 610 49
794 972 87
265 668 26
221 4 63
29 916 37
460 329 11
538 425 74
297 811 31
640 653 51
104 672 75
963 152 36
537 229 89
418 152 19
778 799 48
13 452 25
696 425 76
603 404 34
629 304 69
472 403 21
526 231 90
624 111 67
53 650 43
720 995 85
296 775 71
509 952 69
913 786 84
379 537 7
968 684 27
219 921 7
128 65 71
129 971 78
352 204 30
271 419 29
821 724 10
720 446 52
745 309 6
951 476 83
654 602 4
434 354 58
186 334 7
737 266 92
966 814 51
412 265 48
901 705 86
393 723 17
483 9 50
493 760 46
3 561 76
583 869 28
754 251 8
624 125 87
750 365 91
83 927 8
439 286 24
279 463 89
126 32 52
47 451 3
450 255 41
901 363 22
205 763 100
152 850 12
108 377 43
903 763 46
581 921 12
736 351 75
591 56 60
807 714 62
594 158 20
570 424 63
467 216 9
342 259 21
265 572 8
587 814 10
957 448 9
173 848 61
655 10 82
946 85 44
667 854 8
712 927 29
718 419 72
483 550 78
780 640 57
22 175 51
513 464 61
606 522 17
947 948 5
160 241 69
385 322 92
328 930 9
930 725 83
653 818 57
31 646 73
747 353 40
364 419 81
998 308 90
929 254 36
22 890 84
339 5 58
316 69 50
90 218 73
131 61 72
768 934 100
715 25 62
666 528 54
729 907 30
162 945 74
283 609 61
764 151 40
143 763 63
70 530 93
986 789 26
486 914 55
220 677 84
493 771 63
104 318 67
538 44 41
861 484 3
852 792 36
168 893 67
426 192 6
84 833 69
205 872 38
342 648 36
43 266 91
233 945 30
308 345 42
467 75 14
720 71 10
600 199 31
869 718 20
306 243 94
46 469 30
390 854 84
257 160 56
157 454 82
504 376 28
202 743 55
263 262 33
712 320 27
584 321 4
996 705 20
208 362 71
264 831 44
886 436 39
685 69 95
555 986 11
576 22 73
525 77 29
931 792 4
56 471 59
250 263 21
912 304 72
815 388 38
736 422 81
390 898 68
211 539 69
477 231 92
226 664 28
441 747 26
197 344 46
671 212 80
41 584 85
636 184 89
651 92 93
271 128 1
98 682 8
558 768 37
751 806 55
991 372 25
914 291 23
649 872 11
312 398 82
687 42 5
316 976 13
885 104 83
507 236 2
237 929 19
3 404 8
103 702 77
850 877 4
452 568 41
612 618 45
690 572 69
259 461 56
80 142 89
891 879 29
418 764 80
606 156 7
475 72 2
971 20 81
348 628 98
191 616 1
639 36 4
89 79 5
242 531 67
420 689 100
796 854 73
813 268 40
829 524 29
542 821 57
720 190 36
154 962 39
796 550 70
838 514 71
442 783 55
730 862 85
108 856 58
700 535 41
533 995 3
858 54 29
915 177 94
98 254 65
925 99 92
748 565 12
909 205 62
29 546 71
224 748 34
748 135 90
298 587 53
76 314 88
458 331 48
254 994 83
490 786 1
387 950 10
983 829 53
854 183 25
500 462 58
398 197 83
871 0 32
257 165 80
656 770 94
646 38 89
779 661 23
558 144 88
111 761 58
118 954 42
363 912 67
640 83 75
324 274 21
491 465 99
84 390 60
706 752 83
122 130 57
116 949 33
568 812 11
20 345 62
603 903 8
661 178 77
183 116 41
190 650 51
406 895 92
353 896 92
806 362 12
658 657 8
355 471 3
190 270 5
939 404 50
575 523 17
117 48 35
705 84 67
649 839 51
536 852 100
435 644 50
297 916 51
926 199 80
924 643 25
643 543 22
466 302 91
127 645 58
646 280 97
534 49 14
391 101 62
581 204 96
213 659 50
722 296 33
322 610 83
495 879 43
95 874 25
998 163 52
496 116 1
747 449 36
728 454 11
8 618 31
541 393 9
890 224 24
407 435 75
732 386 79
351 341 59
279 20 72
607 155 6
377 557 90
109 406 19
468 128 38
579 405 38
965 270 64
911 320 95
746 603 21
667 239 80
730 282 7
953 515 94
866 351 13
244 406 48
549 755 48
225 222 49
205 448 27
277 622 11
970 807 2
239 31 67
740 961 45
5 563 72
422 6 43
75 49 96
917 655 13
520 402 89
882 881 72
738 137 10
539 433 41
465 997 21
800 751 1
299 151 31
81 654 19
490 641 26
405 601 47
334 589 74
675 262 30
750 157 17
906 765 31
659 230 65
25 949 33
8 106 47
367 56 89
7 341 33
625 273 83
670 418 91
790 989 61
907 487 9
607 693 29
446 479 78
56 179 2
446 743 85
540 109 65
833 401 86
103 652 77
115 990 79
224 697 80
685 123 63
217 17 61
581 692 28
214 551 27
36 938 1
5 593 53
766 271 5
699 81 83
715 227 47
644 816 22
991 822 93
26 773 30
310 168 70
838 349 51
729 393 23
127 186 30
659 207 61
78 137 29
905 430 100
272 694 29
326 477 44
438 418 18
131 928 48
5 699 86
410 856 86
157 860 17
920 617 2
19 351 88
343 333 30
325 322 15
55 897 49
376 585 76
890 776 38
383 249 35
918 845 64
370 501 40
359 437 22
670 964 94
112 82 79
294 319 33
875 819 84
329 644 58
319 405 45
838 998 38
943 301 86
500 964 78
794 817 19
37 772 67
120 220 68
825 51 88
121 327 98
529 266 60
723 94 62
40 594 56
859 643 92
789 137 21
701 372 21
600 661 1
761 753 9
433 676 47
153 804 33
873 661 23
932 948 77
311 314 45
210 723 34
201 571 24
466 966 83
260 199 57
344 461 84
362 815 58
524 328 32
272 743 50
161 951 8
693 790 82
141 587 75
869 643 83
487 450 67
691 732 31
755 224 56
949 656 6
760 432 92
695 215 11
157 952 61
716 34 67
71 614 69
510 589 8
260 40 51
843 984 4
20 328 73
703 502 77
227 110 23
223 103 26
25 81 54
676 299 89
834 173 5
191 913 30
663 758 67
300 966 15
830 744 89
234 307 67
569 269 65
21 333 48
360 971 49
286 875 39
541 148 86
640 879 25
215 944 89
3 321 35
102 514 39
761 864 11
335 115 3
803 455 62
885 493 82
402 793 74
836 19 98
29 515 14
925 880 21
722 328 14
832 109 71
734 74 75
357 640 10
567 63 31
520 295 31
460 224 53
24 875 97
694 960 35
486 622 91
992 106 77
800 397 13
667 53 91
463 260 95
870 253 95
233 423 80
522 381 79
237 42 18
515 239 80
649 629 60
968 650 51
32 381 72
18 244 91
4 411 50
54 392 31
158 945 28
380 916 67
645 76 26
76 63 26
682 975 13
780 560 56
705 272 26
62 841 70
817 500 12
115 477 54
525 928 9
750 935 52
23 824 19
373 759 55
248 249 36
533 517 32
633 319 99
648 831 83
602 138 83
279 774 9
269 760 32
30 936 34
923 267 42
803 169 59
596 799 95
887 955 31
568 459 98
620 138 9
817 625 48
749 764 77
544 877 35
719 53 87
426 748 13
644 588 88
125 831 33
673 637 48
203 193 7
276 661 79
269 31 7
12 195 78
418 455 79
918 653 20
984 220 42
294 122 11
973 333 87
360 826 80
635 990 78
903 614 62
264 756 48
110 500 63
210 475 54
365 852 32
996 567 87
462 57 4
332 669 5
637 228 21
163 672 75
511 922 87
49 180 96
904 443 72
318 856 62
622 700 36
294 972 94
439 621 19
95 322 73
118 82 95
504 116 7
461 640 39
595 189 38
450 134 93
726 492 9
161 211 88
544 380 69
626 550 61
497 656 44
477 756 88
181 476 22
991 739 96
22 303 19
341 816 27
904 258 65
427 350 46
124 114 57
407 333 60
337 382 81
890 4 31
225 538 35
347 916 47
467 408 40
374 689 53
589 794 78
440 441 79
20 877 93
570 473 65
306 517 81
764 180 2
635 878 15
190 530 46
507 21 27
597 586 84
119 46 22
427 414 80
713 128 95
872 316 69
855 886 44
99 109 7
932 920 32
237 225 88
931 855 21
423 975 59
158 895 40
470 255 1
418 699 28
117 768 28
331 356 10
955 180 18
270 424 30
453 821 52
44 917 4
259 586 62
947 803 69
368 27 61
355 930 80
568 656 79
414 701 70
917 623 98
888 491 82
519 565 10
488 372 49
593 96 17
1 399 71
524 496 33
705 65 38
361 306 27
528 465 57
886 411 49
290 113 85
525 261 4
118 24 78
740 805 66
924 803 39
140 154 17
718 586 8
988 470 69
141 45 64
304 726 16
804 253 95
748 324 17
361 963 73
789 287 40
75 483 19
919 628 50
494 677 58
658 668 75
157 624 29
917 524 70
592 116 37
651 162 25
284 507 60
183 213 82
515 201 46
178 217 37
927 294 45
558 414 57
32 121 91
81 374 11
617 538 75
655 379 4
999 426 65
805 194 13
507 171 6
493 164 11
771 451 1
226 408 19
961 77 79
508 449 59
420 803 49
726 124 79
226 617 97
414 267 53
382 865 18
421 216 2
776 631 55
755 414 47
143 202 27
735 984 50
463 440 34
306 650 47
590 285 61
0 30 8
618 768 27
350 408 33
600 735 82
165 544 86
729 478 90
647 696 17
229 252 100
295 102 46
438 96 54
495 849 54
688 211 18
879 688 13
302 143 47
597 18 98
260 348 78
157 253 36
37 459 46
305 398 51
706 425 3
126 295 65
498 516 16
725 236 87
719 350 18
328 266 62
209 629 75
197 459 21
979 999 8
692 124 46
662 326 63
122 380 83
941 685 2
40 806 29
38 158 44
513 697 89
715 116 69
559 785 55
706 690 61
667 523 64
358 412 50
191 493 97
613 822 76
177 768 75
858 706 26
318 308 13
284 758 66
478 251 63
451 90 23
937 900 96
572 665 80
496 518 69
228 769 95
784 655 66
374 589 52
654 634 60
284 291 26
703 448 95
87 759 48
975 6 16
